0.0 0.5  0.   0.45 0.5 0.5 0.5 0.5 0.5 0.5 1. 0. 0. 0. -1. -0. 0.  0. -1. -0.002  0.     0.005
0.01 0.5  0.   0.45 0.5   0.499 0.5   0.5 0.5 0.5 1. 0. 0. 0. -1. -0. 0.  0. -1. -0.002  0.     0.005
0.02 0.5  0.   0.45 0.5   0.498 0.5   0.5 0.5 0.5  1. -0.  0.-0. -1. -0. 0.  0. -1.  0.006 -0.008  0.005
0.03 0.5  0.   0.45 0.5   0.497 0.5   0.5 0.5 0.5  1. -0.  0.-0. -1. -0. 0.  0. -1.  0.016 -0.018  0.005
0.04 0.5  0.   0.45 0.5   0.496 0.5   0.5   0.499 0.5    1.    -0.001  0.   -0.001 -1.     0.    0. -0. -1.  0.023 -0.025  0.005
0.05 0.5  0.   0.45 0.5   0.495 0.5   0.501 0.499 0.5    1.    -0.002  0.001-0.002 -1.     0.    0.001 -0.    -1.     0.026 -0.029  0.005
0.06 0.5  0.   0.45 0.5   0.494 0.5   0.501 0.498 0.5    1.    -0.002  0.001-0.002 -1.     0.001 0.001 -0.001 -1.     0.027 -0.03   0.006
0.07 0.5  0.   0.45 0.5   0.493 0.5   0.501 0.498 0.5    1.    -0.003  0.001-0.003 -1.     0.001 0.001 -0.001 -1.     0.026 -0.03   0.006
0.08 0.5  0.   0.45 0.5   0.492 0.5   0.502 0.498 0.5    1.    -0.003  0.001-0.003 -1.     0.001 0.001 -0.001 -1.     0.025 -0.03   0.007
0.09 0.5  0.   0.45 0.5   0.491 0.5   0.502 0.497 0.5    1.    -0.004  0.001-0.004 -1.     0.001 0.001 -0.001 -1.     0.024 -0.029  0.007
0.1 0.5  0.   0.45 0.5  0.49 0.5  0.502 0.497 0.5    1.    -0.004  0.001-0.004 -1.     0.001 0.001 -0.001 -1.     0.024 -0.03   0.007
0.11 0.5  0.   0.45 0.5   0.489 0.5   0.503 0.496 0.5    1.    -0.005  0.001-0.005 -1.     0.002 0.001 -0.002 -1.     0.024 -0.03   0.008
0.12 0.5  0.   0.45 0.5   0.488 0.5   0.503 0.496 0.501  1.    -0.005  0.001-0.005 -1.     0.002 0.001 -0.002 -1.     0.024 -0.031  0.008
0.13 0.5  0.   0.45 0.5   0.487 0.5   0.503 0.495 0.501  1.    -0.005  0.001-0.005 -1.     0.002 0.001 -0.002 -1.     0.024 -0.032  0.008
0.14 0.5  0.   0.45 0.5   0.486 0.5   0.504 0.495 0.501  1.    -0.006  0.001-0.006 -1.     0.003 0.001 -0.003 -1.     0.024 -0.032  0.008
0.15 0.5  0.   0.45 0.5   0.485 0.5   0.504 0.494 0.501  1.    -0.006  0.001-0.006 -1.     0.003 0.001 -0.003 -1.     0.024 -0.033  0.009
0.16 0.5  0.   0.45 0.5   0.484 0.5   0.504 0.494 0.501  1.    -0.006  0.001-0.006 -1.     0.003 0.001 -0.003 -1.     0.024 -0.033  0.009
0.17 0.5  0.   0.45 0.5   0.483 0.5   0.505 0.493 0.501  1.    -0.006  0.001-0.007 -1.     0.004 0.001 -0.004 -1.     0.024 -0.034  0.009
0.18 0.5  0.   0.45 0.5   0.482 0.5   0.505 0.493 0.501  1.    -0.007  0.001-0.007 -1.     0.004 0.001 -0.004 -1.     0.024 -0.034  0.009
0.19 0.5  0.   0.45 0.5   0.481 0.5   0.505 0.492 0.501  1.    -0.007  0.001-0.007 -1.     0.004 0.001 -0.004 -1.     0.024 -0.035  0.009
0.2 0.5  0.   0.45 0.5  0.48 0.5  0.506 0.492 0.502  1.    -0.007  0.001-0.007 -1.     0.005 0.001 -0.005 -1.     0.024 -0.035  0.01 
0.21 0.5  0.   0.45 0.5   0.479 0.5   0.506 0.491 0.502  1.    -0.007  0.001-0.007 -1.     0.005 0.001 -0.005 -1.     0.024 -0.035  0.01 
0.22 0.5  0.   0.45 0.5   0.478 0.5   0.506 0.491 0.502  1.    -0.008  0.001-0.008 -1.     0.005 0.001 -0.005 -1.     0.024 -0.036  0.01 
0.23 0.5  0.   0.45 0.5   0.477 0.5   0.507 0.49  0.502  1.    -0.008  0.001-0.008 -1.     0.006 0.    -0.006 -1.     0.024 -0.036  0.01 
0.24 0.5  0.   0.45 0.5   0.476 0.5   0.507 0.489 0.502  1.    -0.008  0.   -0.008 -1.     0.006 0.    -0.006 -1.     0.024 -0.037  0.01 
0.25 0.5  0.   0.45 0.5   0.475 0.5   0.507 0.489 0.502  1.    -0.008  0.   -0.008 -1.     0.006 0.    -0.006 -1.     0.024 -0.037  0.01 
0.26 0.5  0.   0.45 0.5   0.474 0.5   0.507 0.488 0.502  1.    -0.008  0.   -0.008 -1.     0.007 0.    -0.007 -1.     0.024 -0.037  0.01 
0.27 0.5  0.   0.45 0.5   0.473 0.5   0.508 0.488 0.503  1.    -0.009  0.   -0.009 -1.     0.007-0.    -0.007 -1.     0.024 -0.038  0.01 
0.28 0.5  0.   0.45 0.5   0.472 0.5   0.508 0.487 0.503  1.    -0.009 -0.   -0.009 -1.     0.007-0.    -0.007 -1.     0.024 -0.038  0.01 
0.29 0.5  0.   0.45 0.5   0.471 0.5   0.508 0.486 0.503  1.    -0.009 -0.   -0.009 -1.     0.008-0.    -0.008 -1.     0.024 -0.038  0.01 
0.3 0.5  0.   0.45 0.5  0.47 0.5  0.509 0.486 0.503  1.    -0.009 -0.   -0.009 -1.     0.008-0.001 -0.008 -1.     0.024 -0.038  0.011
0.31 0.5  0.   0.45 0.5   0.469 0.5   0.509 0.485 0.503  1.    -0.009 -0.001-0.009 -1.     0.008-0.001 -0.008 -1.     0.024 -0.039  0.011
0.32 0.5  0.   0.45 0.5   0.468 0.5   0.509 0.485 0.503  1.    -0.009 -0.001-0.009 -1.     0.009-0.001 -0.009 -1.     0.024 -0.039  0.011
0.33 0.5  0.   0.45 0.5   0.467 0.5   0.51  0.484 0.504  1.    -0.009 -0.001-0.009 -1.     0.009-0.001 -0.009 -1.     0.024 -0.039  0.011
0.34 0.5  0.   0.45 0.5   0.466 0.5   0.51  0.483 0.504  1.    -0.01  -0.001-0.009 -1.     0.009-0.001 -0.009 -1.     0.024 -0.04   0.011
0.35 0.5  0.   0.45 0.5   0.465 0.5   0.51  0.483 0.504  1.    -0.01  -0.001-0.01 -1.    0.01-0.001 -0.009 -1.     0.024 -0.04   0.011
0.36 0.5  0.   0.45 0.5   0.464 0.5   0.511 0.482 0.504  1.    -0.01  -0.002-0.01 -1.    0.01-0.002 -0.01  -1.     0.024 -0.04   0.011
0.37 0.5  0.   0.45 0.5   0.463 0.5   0.511 0.481 0.504  1.    -0.01  -0.002-0.01 -1.    0.01-0.002 -0.01  -1.     0.024 -0.04   0.011
0.38 0.5  0.   0.45 0.5   0.462 0.5   0.511 0.481 0.504  1.    -0.01  -0.002-0.01 -1.    0.01-0.002 -0.01  -1.     0.024 -0.041  0.011
0.39 0.5  0.   0.45 0.5   0.461 0.5   0.512 0.48  0.505  1.    -0.01  -0.002-0.01  -1.     0.011-0.002 -0.011 -1.     0.024 -0.041  0.011
0.4 0.5  0.   0.45 0.5  0.46 0.5  0.512 0.479 0.505  1.    -0.01  -0.002-0.01  -1.     0.011-0.002 -0.011 -1.     0.023 -0.041  0.011
0.41 0.5  0.   0.45 0.5   0.459 0.5   0.512 0.479 0.505  1.    -0.01  -0.003-0.01  -1.     0.011-0.003 -0.011 -1.     0.023 -0.041  0.011
0.42 0.5  0.   0.45 0.5   0.458 0.5   0.512 0.478 0.505  1.    -0.01  -0.003-0.01  -1.     0.012-0.003 -0.012 -1.     0.023 -0.041  0.011
0.43 0.5  0.   0.45 0.5   0.457 0.5   0.513 0.477 0.505  1.    -0.01  -0.003-0.01  -1.     0.012-0.003 -0.012 -1.     0.023 -0.042  0.011
0.44 0.5  0.   0.45 0.5   0.456 0.5   0.513 0.477 0.505  1.    -0.01  -0.003-0.01  -1.     0.012-0.003 -0.012 -1.     0.023 -0.042  0.011
0.45 0.5  0.   0.45 0.5   0.455 0.5   0.513 0.476 0.506  1.    -0.011 -0.003-0.01  -1.     0.013-0.003 -0.013 -1.     0.023 -0.042  0.011
0.46 0.5  0.   0.45 0.5   0.454 0.5   0.514 0.475 0.506  1.    -0.011 -0.004-0.011 -1.     0.013-0.004 -0.013 -1.     0.023 -0.042  0.011
0.47 0.5  0.   0.45 0.5   0.453 0.5   0.514 0.474 0.506  1.    -0.011 -0.004-0.011 -1.     0.013-0.004 -0.013 -1.     0.023 -0.043  0.011
0.48 0.5  0.   0.45 0.5   0.452 0.5   0.514 0.474 0.506  1.    -0.011 -0.004-0.011 -1.     0.014-0.004 -0.014 -1.     0.023 -0.043  0.011
0.49 0.5  0.   0.45 0.5   0.451 0.5   0.515 0.473 0.506  1.    -0.011 -0.004-0.011 -1.     0.014-0.004 -0.014 -1.     0.023 -0.043  0.011
0.5 0.5  0.   0.45 0.5  0.45 0.5  0.515 0.472 0.506  1.    -0.011 -0.004-0.011 -1.     0.014-0.005 -0.014 -1.     0.023 -0.043  0.011
0.51 0.5  0.   0.45 0.5   0.449 0.5   0.515 0.472 0.507  1.    -0.011 -0.005-0.011 -1.     0.015-0.005 -0.014 -1.     0.023 -0.043  0.011
0.52 0.5  0.   0.45 0.5   0.448 0.5   0.515 0.471 0.507  1.    -0.011 -0.005-0.011 -1.     0.015-0.005 -0.015 -1.     0.023 -0.044  0.011
0.53 0.5  0.   0.45 0.5   0.447 0.5   0.516 0.47  0.507  1.    -0.011 -0.005-0.011 -1.     0.015-0.005 -0.015 -1.     0.023 -0.044  0.011
0.54 0.5  0.   0.45 0.5   0.446 0.5   0.516 0.469 0.507  1.    -0.011 -0.005-0.011 -1.     0.015-0.006 -0.015 -1.     0.023 -0.044  0.011
0.55 0.5  0.   0.45 0.5   0.445 0.5   0.516 0.469 0.507  1.    -0.011 -0.006-0.011 -1.     0.016-0.006 -0.016 -1.     0.023 -0.044  0.011
0.56 0.5  0.   0.45 0.5   0.444 0.5   0.517 0.468 0.507  1.    -0.011 -0.006-0.011 -1.     0.016-0.006 -0.016 -1.     0.023 -0.044  0.011
0.57 0.5  0.   0.45 0.5   0.443 0.5   0.517 0.467 0.508  1.    -0.011 -0.006-0.011 -1.     0.016-0.006 -0.016 -1.     0.023 -0.044  0.011
0.58 0.5  0.   0.45 0.5   0.442 0.5   0.517 0.466 0.508  1.    -0.011 -0.006-0.011 -1.     0.017-0.007 -0.017 -1.     0.023 -0.045  0.011
0.59 0.5  0.   0.45 0.5   0.441 0.5   0.517 0.466 0.508  1.    -0.011 -0.007-0.011 -1.     0.017-0.007 -0.017 -1.     0.023 -0.045  0.011
0.6 0.5  0.   0.45 0.5  0.44 0.5  0.518 0.465 0.508  1.    -0.011 -0.007-0.011 -1.     0.017-0.007 -0.017 -1.     0.023 -0.045  0.011
0.61 0.5  0.   0.45 0.5   0.439 0.5   0.518 0.464 0.508  1.    -0.011 -0.007-0.011 -1.     0.017-0.007 -0.017 -1.     0.023 -0.045  0.011
0.62 0.5  0.   0.45 0.5   0.438 0.5   0.518 0.463 0.509  1.    -0.011 -0.007-0.011 -1.     0.018-0.007 -0.018 -1.     0.023 -0.045  0.011
0.63 0.5  0.   0.45 0.5   0.437 0.5   0.519 0.463 0.509  1.    -0.012 -0.008-0.011 -1.     0.018-0.008 -0.018 -1.     0.023 -0.046  0.011
0.64 0.5  0.   0.45 0.5   0.436 0.5   0.519 0.462 0.509  1.    -0.012 -0.008-0.011 -1.     0.018-0.008 -0.018 -1.     0.023 -0.046  0.01 
0.65 0.5  0.   0.45 0.5   0.435 0.5   0.519 0.461 0.509  1.    -0.012 -0.008-0.011 -1.     0.019-0.008 -0.018 -1.     0.022 -0.046  0.01 
0.66 0.5  0.   0.45 0.5   0.434 0.5   0.519 0.46  0.509  1.    -0.012 -0.008-0.012 -1.     0.019-0.008 -0.019 -1.     0.022 -0.046  0.01 
0.67 0.5  0.   0.45 0.5   0.433 0.5   0.52  0.46  0.509  1.    -0.012 -0.008-0.012 -1.     0.019-0.009 -0.019 -1.     0.022 -0.046  0.01 
0.68 0.5  0.   0.45 0.5   0.432 0.5   0.52  0.459 0.509  1.    -0.012 -0.009-0.012 -1.     0.019-0.009 -0.019 -1.     0.022 -0.046  0.01 
0.69 0.5  0.   0.45 0.5   0.431 0.5   0.52  0.458 0.51   1.    -0.012 -0.009-0.012 -1.     0.02 -0.009 -0.02  -1.     0.022 -0.047  0.01 
0.7 0.5  0.   0.45 0.5  0.43 0.5  0.521 0.457 0.51   1.    -0.012 -0.009-0.012 -1.     0.02 -0.009 -0.02  -1.     0.022 -0.047  0.01 
0.71 0.5  0.   0.45 0.5   0.429 0.5   0.521 0.457 0.51   1.    -0.012 -0.009-0.012 -1.     0.02 -0.01 -0.02 -1.    0.022 -0.047  0.01 
0.72 0.5  0.   0.45 0.5   0.428 0.5   0.521 0.456 0.51   1.    -0.012 -0.01 -0.012 -1.     0.02 -0.01 -0.02 -1.    0.022 -0.047  0.01 
0.73 0.5  0.   0.45 0.5   0.427 0.5   0.521 0.455 0.51   1.    -0.012 -0.01 -0.012 -1.     0.021-0.01  -0.021 -1.     0.022 -0.047  0.01 
0.74 0.5  0.   0.45 0.5   0.426 0.5   0.522 0.454 0.51   1.    -0.012 -0.01 -0.012 -1.     0.021-0.01  -0.021 -1.     0.022 -0.048  0.01 
0.75 0.5  0.   0.45 0.5   0.425 0.5   0.522 0.453 0.511  1.    -0.012 -0.01 -0.012 -1.     0.021-0.011 -0.021 -1.     0.022 -0.048  0.01 
0.76 0.5  0.   0.45 0.5   0.424 0.5   0.522 0.453 0.511  1.    -0.012 -0.011-0.012 -1.     0.021-0.011 -0.021 -1.     0.022 -0.048  0.01 
0.77 0.5  0.   0.45 0.5   0.423 0.5   0.522 0.452 0.511  1.    -0.012 -0.011-0.012 -1.     0.022-0.011 -0.022 -1.     0.022 -0.048  0.01 
0.78 0.5  0.   0.45 0.5   0.422 0.5   0.523 0.451 0.511  1.    -0.012 -0.011-0.012 -1.     0.022-0.011 -0.022 -1.     0.022 -0.048  0.01 
0.79 0.5  0.   0.45 0.5   0.421 0.5   0.523 0.45  0.511  1.    -0.012 -0.011-0.012 -1.     0.022-0.012 -0.022 -1.     0.022 -0.048  0.01 
0.8 0.5  0.   0.45 0.5  0.42 0.5  0.523 0.449 0.511  1.    -0.012 -0.012-0.012 -1.     0.022-0.012 -0.022 -1.     0.022 -0.049  0.01 
0.81 0.5  0.   0.45 0.5   0.419 0.5   0.523 0.449 0.512  1.    -0.012 -0.012-0.012 -1.     0.023-0.012 -0.023 -1.     0.022 -0.049  0.01 
0.82 0.5  0.   0.45 0.5   0.418 0.5   0.524 0.448 0.512  1.    -0.012 -0.012-0.012 -1.     0.023-0.012 -0.023 -1.     0.022 -0.049  0.01 
0.83 0.5  0.   0.45 0.5   0.417 0.5   0.524 0.447 0.512  1.    -0.012 -0.012-0.012 -1.     0.023-0.012 -0.023 -1.     0.022 -0.049  0.01 
0.84 0.5  0.   0.45 0.5   0.416 0.5   0.524 0.446 0.512  1.    -0.012 -0.012-0.012 -1.     0.023-0.013 -0.023 -1.     0.021 -0.049  0.01 
0.85 0.5  0.   0.45 0.5   0.415 0.5   0.524 0.445 0.512  1.    -0.012 -0.013-0.012 -1.     0.024-0.013 -0.023 -1.     0.021 -0.049  0.01 
0.86 0.5  0.   0.45 0.5   0.414 0.5   0.525 0.445 0.512  1.    -0.013 -0.013-0.012 -1.     0.024-0.013 -0.024 -1.     0.021 -0.05   0.009
0.87 0.5  0.   0.45 0.5   0.413 0.5   0.525 0.444 0.512  1.    -0.013 -0.013-0.012 -1.     0.024-0.013 -0.024 -1.     0.021 -0.05   0.009
0.88 0.5  0.   0.45 0.5   0.412 0.5   0.525 0.443 0.513  1.    -0.013 -0.013-0.012 -1.     0.024-0.014 -0.024 -1.     0.021 -0.05   0.009
0.89 0.5  0.   0.45 0.5   0.411 0.5   0.525 0.442 0.513  1.    -0.013 -0.014-0.012 -1.     0.025-0.014 -0.024 -1.     0.021 -0.05   0.009
0.9 0.5  0.   0.45 0.5  0.41 0.5  0.525 0.441 0.513  1.    -0.013 -0.014-0.012 -1.     0.025-0.014 -0.025 -1.     0.021 -0.05   0.009
0.91 0.5  0.   0.45 0.5   0.409 0.5   0.526 0.44  0.513  1.    -0.013 -0.014-0.012 -1.     0.025-0.014 -0.025 -1.     0.021 -0.051  0.009
0.92 0.5  0.   0.45 0.5   0.408 0.5   0.526 0.44  0.513  1.    -0.013 -0.014-0.012 -1.     0.025-0.015 -0.025 -1.     0.021 -0.051  0.009
0.93 0.5  0.   0.45 0.5   0.407 0.5   0.526 0.439 0.513  1.    -0.013 -0.014-0.012 -1.     0.025-0.015 -0.025 -1.     0.021 -0.051  0.009
0.94 0.5  0.   0.45 0.5   0.406 0.5   0.526 0.438 0.513  1.    -0.013 -0.015-0.012 -1.     0.026-0.015 -0.026 -1.     0.021 -0.051  0.009
0.95 0.5  0.   0.45 0.5   0.405 0.5   0.527 0.437 0.514  1.    -0.013 -0.015-0.013 -1.     0.026-0.015 -0.026 -1.     0.021 -0.051  0.009
0.96 0.5  0.   0.45 0.5   0.404 0.5   0.527 0.436 0.514  1.    -0.013 -0.015-0.013 -1.     0.026-0.015 -0.026 -1.     0.021 -0.051  0.009
0.97 0.5  0.   0.45 0.5   0.403 0.5   0.527 0.435 0.514  1.    -0.013 -0.015-0.013 -1.     0.026-0.016 -0.026 -1.     0.021 -0.052  0.009
0.98 0.5  0.   0.45 0.5   0.402 0.5   0.527 0.434 0.514  1.    -0.013 -0.016-0.013 -1.     0.027-0.016 -0.026 -1.     0.021 -0.052  0.009
0.99 0.5  0.   0.45 0.5   0.401 0.5   0.528 0.434 0.514  1.    -0.013 -0.016-0.013 -1.     0.027-0.016 -0.027 -1.     0.021 -0.052  0.009
1.0 0.5  0.   0.45 0.5 0.4 0.5 0.528 0.433 0.514  1.    -0.013 -0.016-0.013 -1.     0.027-0.016 -0.027 -1.     0.021 -0.052  0.009
1.01 0.5  0.   0.45 0.5   0.399 0.5   0.528 0.432 0.514  1.    -0.013 -0.016-0.013 -1.     0.027-0.017 -0.027 -0.999  0.021 -0.052  0.009
1.02 0.5  0.   0.45 0.5   0.398 0.5   0.528 0.431 0.515  1.    -0.013 -0.016-0.013 -1.     0.027-0.017 -0.027 -0.999  0.02  -0.052  0.008
1.03 0.5  0.   0.45 0.5   0.397 0.5   0.528 0.43  0.515  1.    -0.013 -0.017-0.013 -1.     0.028-0.017 -0.027 -0.999  0.02  -0.053  0.008
1.04 0.5  0.   0.45 0.5   0.396 0.5   0.529 0.429 0.515  1.    -0.013 -0.017-0.013 -1.     0.028-0.017 -0.028 -0.999  0.02  -0.053  0.008
1.05 0.5  0.   0.45 0.5   0.395 0.5   0.529 0.428 0.515  1.    -0.013 -0.017-0.013 -1.     0.028-0.017 -0.028 -0.999  0.02  -0.053  0.008
1.06 0.5  0.   0.45 0.5   0.394 0.5   0.529 0.428 0.515  1.    -0.013 -0.017-0.013 -1.     0.028-0.018 -0.028 -0.999  0.02  -0.053  0.008
1.07 0.5  0.   0.45 0.5   0.393 0.5   0.529 0.427 0.515  1.    -0.013 -0.017-0.013 -1.     0.028-0.018 -0.028 -0.999  0.02  -0.053  0.008
1.08 0.5  0.   0.45 0.5   0.392 0.5   0.529 0.426 0.515  1.    -0.013 -0.018-0.013 -1.     0.029-0.018 -0.028 -0.999  0.02  -0.053  0.008
1.09 0.5  0.   0.45 0.5   0.391 0.5   0.53  0.425 0.515  1.    -0.013 -0.018-0.013 -1.     0.029-0.018 -0.028 -0.999  0.02  -0.054  0.008
1.1 0.5  0.   0.45 0.5  0.39 0.5  0.53  0.424 0.515  1.    -0.014 -0.018-0.013 -0.999  0.029-0.018 -0.029 -0.999  0.02  -0.054  0.008
1.11 0.5  0.   0.45 0.5   0.389 0.5   0.53  0.423 0.516  1.    -0.014 -0.018-0.013 -0.999  0.029-0.019 -0.029 -0.999  0.02  -0.054  0.008
1.12 0.5  0.   0.45 0.5   0.388 0.5   0.53  0.422 0.516  1.    -0.014 -0.018-0.013 -0.999  0.029-0.019 -0.029 -0.999  0.02  -0.054  0.008
1.13 0.5  0.   0.45 0.5   0.387 0.5   0.53  0.421 0.516  1.    -0.014 -0.019-0.013 -0.999  0.029-0.019 -0.029 -0.999  0.02  -0.054  0.008
1.14 0.5  0.   0.45 0.5   0.386 0.5   0.531 0.42  0.516  1.    -0.014 -0.019-0.013 -0.999  0.03 -0.019 -0.029 -0.999  0.02  -0.054  0.008
1.15 0.5  0.   0.45 0.5   0.385 0.5   0.531 0.42  0.516  1.    -0.014 -0.019-0.013 -0.999  0.03 -0.019 -0.03  -0.999  0.02  -0.055  0.008
1.16 0.5  0.   0.45 0.5   0.384 0.5   0.531 0.419 0.516  1.    -0.014 -0.019-0.013 -0.999  0.03 -0.02  -0.03  -0.999  0.02  -0.055  0.008
1.17 0.5  0.   0.45 0.5   0.383 0.5   0.531 0.418 0.516  1.    -0.014 -0.019-0.013 -0.999  0.03 -0.02  -0.03  -0.999  0.019 -0.055  0.008
1.18 0.5  0.   0.45 0.5   0.382 0.5   0.531 0.417 0.516  1.    -0.014 -0.02 -0.013 -0.999  0.03 -0.02  -0.03  -0.999  0.019 -0.055  0.007
1.19 0.5  0.   0.45 0.5   0.381 0.5   0.531 0.416 0.517  1.    -0.014 -0.02 -0.013 -0.999  0.03 -0.02  -0.03  -0.999  0.019 -0.055  0.007
1.2 0.5  0.   0.45 0.5  0.38 0.5  0.532 0.415 0.517  1.    -0.014 -0.02 -0.013 -0.999  0.031-0.02  -0.03  -0.999  0.019 -0.056  0.007
1.21 0.5  0.   0.45 0.5   0.379 0.5   0.532 0.414 0.517  1.    -0.014 -0.02 -0.013 -0.999  0.031-0.021 -0.031 -0.999  0.019 -0.056  0.007
1.22 0.5  0.   0.45 0.5   0.378 0.5   0.532 0.413 0.517  1.    -0.014 -0.02 -0.013 -0.999  0.031-0.021 -0.031 -0.999  0.019 -0.056  0.007
1.23 0.5  0.   0.45 0.5   0.377 0.5   0.532 0.412 0.517  1.    -0.014 -0.021-0.013 -0.999  0.031-0.021 -0.031 -0.999  0.019 -0.056  0.007
1.24 0.5  0.   0.45 0.5   0.376 0.5   0.532 0.411 0.517  1.    -0.014 -0.021-0.013 -0.999  0.031-0.021 -0.031 -0.999  0.019 -0.056  0.007
1.25 0.5  0.   0.45 0.5   0.375 0.5   0.532 0.411 0.517  1.    -0.014 -0.021-0.014 -0.999  0.031-0.021 -0.031 -0.999  0.019 -0.056  0.007
1.26 0.5  0.   0.45 0.5   0.374 0.5   0.533 0.41  0.517  1.    -0.014 -0.021-0.014 -0.999  0.032-0.022 -0.031 -0.999  0.019 -0.057  0.007
1.27 0.5  0.   0.45 0.5   0.373 0.5   0.533 0.409 0.517  1.    -0.014 -0.021-0.014 -0.999  0.032-0.022 -0.031 -0.999  0.019 -0.057  0.007
1.28 0.5  0.   0.45 0.5   0.372 0.5   0.533 0.408 0.517  1.    -0.014 -0.021-0.014 -0.999  0.032-0.022 -0.032 -0.999  0.019 -0.057  0.007
1.29 0.5  0.   0.45 0.5   0.371 0.5   0.533 0.407 0.518  1.    -0.014 -0.022-0.014 -0.999  0.032-0.022 -0.032 -0.999  0.019 -0.057  0.007
1.3 0.5  0.   0.45 0.5  0.37 0.5  0.533 0.406 0.518  1.    -0.014 -0.022-0.014 -0.999  0.032-0.022 -0.032 -0.999  0.019 -0.057  0.007
1.31 0.5  0.   0.45 0.5   0.369 0.5   0.533 0.405 0.518  1.    -0.014 -0.022-0.014 -0.999  0.032-0.022 -0.032 -0.999  0.019 -0.057  0.007
1.32 0.5  0.   0.45 0.5   0.368 0.5   0.534 0.404 0.518  1.    -0.014 -0.022-0.014 -0.999  0.032-0.023 -0.032 -0.999  0.018 -0.058  0.007
1.33 0.5  0.   0.45 0.5   0.367 0.5   0.534 0.403 0.518  1.    -0.015 -0.022-0.014 -0.999  0.033-0.023 -0.032 -0.999  0.018 -0.058  0.006
1.34 0.5  0.   0.45 0.5   0.366 0.5   0.534 0.402 0.518  1.    -0.015 -0.023-0.014 -0.999  0.033-0.023 -0.032 -0.999  0.018 -0.058  0.006
1.35 0.5  0.   0.45 0.5   0.365 0.5   0.534 0.401 0.518  1.    -0.015 -0.023-0.014 -0.999  0.033-0.023 -0.033 -0.999  0.018 -0.058  0.006
1.36 0.5  0.   0.45 0.5   0.364 0.5   0.534 0.4   0.518  1.    -0.015 -0.023-0.014 -0.999  0.033-0.023 -0.033 -0.999  0.018 -0.058  0.006
1.37 0.5  0.   0.45 0.5   0.363 0.5   0.534 0.399 0.518  1.    -0.015 -0.023-0.014 -0.999  0.033-0.024 -0.033 -0.999  0.018 -0.058  0.006
1.38 0.5  0.   0.45 0.5   0.362 0.5   0.534 0.398 0.518  1.    -0.015 -0.023-0.014 -0.999  0.033-0.024 -0.033 -0.999  0.018 -0.059  0.006
1.39 0.5  0.   0.45 0.5   0.361 0.5   0.535 0.397 0.518  1.    -0.015 -0.023-0.014 -0.999  0.033-0.024 -0.033 -0.999  0.018 -0.059  0.006
1.4 0.5  0.   0.45 0.5  0.36 0.5  0.535 0.396 0.518  1.    -0.015 -0.024-0.014 -0.999  0.033-0.024 -0.033 -0.999  0.018 -0.059  0.006
1.41 0.5  0.   0.45 0.5   0.359 0.5   0.535 0.395 0.519  1.    -0.015 -0.024-0.014 -0.999  0.034-0.024 -0.033 -0.999  0.018 -0.059  0.006
1.42 0.5  0.   0.45 0.5   0.358 0.5   0.535 0.395 0.519  1.    -0.015 -0.024-0.014 -0.999  0.034-0.024 -0.033 -0.999  0.018 -0.059  0.006
1.43 0.5  0.   0.45 0.5   0.357 0.5   0.535 0.394 0.519  1.    -0.015 -0.024-0.014 -0.999  0.034-0.024 -0.033 -0.999  0.018 -0.06   0.006
1.44 0.5  0.   0.45 0.5   0.356 0.5   0.535 0.393 0.519  1.    -0.015 -0.024-0.014 -0.999  0.034-0.025 -0.034 -0.999  0.018 -0.06   0.006
1.45 0.5  0.   0.45 0.5   0.355 0.5   0.535 0.392 0.519  1.    -0.015 -0.024-0.014 -0.999  0.034-0.025 -0.034 -0.999  0.017 -0.06   0.006
1.46 0.5  0.   0.45 0.5   0.354 0.5   0.535 0.391 0.519  1.    -0.015 -0.024-0.014 -0.999  0.034-0.025 -0.034 -0.999  0.017 -0.06   0.006
1.47 0.5  0.   0.45 0.5   0.353 0.5   0.536 0.39  0.519  1.    -0.015 -0.025-0.014 -0.999  0.034-0.025 -0.034 -0.999  0.017 -0.06   0.005
1.48 0.5  0.   0.45 0.5   0.352 0.5   0.536 0.389 0.519  1.    -0.015 -0.025-0.014 -0.999  0.034-0.025 -0.034 -0.999  0.017 -0.06   0.005
1.49 0.5  0.   0.45 0.5   0.351 0.5   0.536 0.388 0.519  1.    -0.015 -0.025-0.014 -0.999  0.034-0.025 -0.034 -0.999  0.017 -0.061  0.005
1.5 0.5  0.   0.45 0.5  0.35 0.5  0.536 0.387 0.519  1.    -0.015 -0.025-0.014 -0.999  0.035-0.026 -0.034 -0.999  0.017 -0.061  0.005
1.51 0.5  0.   0.45 0.5   0.349 0.5   0.536 0.386 0.519  1.    -0.015 -0.025-0.014 -0.999  0.035-0.026 -0.034 -0.999  0.017 -0.061  0.005
1.52 0.5  0.   0.45 0.5   0.348 0.5   0.536 0.385 0.519  1.    -0.015 -0.025-0.015 -0.999  0.035-0.026 -0.034 -0.999  0.017 -0.061  0.005
1.53 0.5  0.   0.45 0.5   0.347 0.5   0.536 0.384 0.519  1.    -0.015 -0.025-0.015 -0.999  0.035-0.026 -0.034 -0.999  0.017 -0.061  0.005
1.54 0.5  0.   0.45 0.5   0.346 0.5   0.536 0.383 0.519  1.    -0.016 -0.026-0.015 -0.999  0.035-0.026 -0.035 -0.999  0.017 -0.061  0.005
1.55 0.5  0.   0.45 0.5   0.345 0.5   0.536 0.382 0.52   1.    -0.016 -0.026-0.015 -0.999  0.035-0.026 -0.035 -0.999  0.017 -0.062  0.005
1.56 0.5  0.   0.45 0.5   0.344 0.5   0.536 0.381 0.52   1.    -0.016 -0.026-0.015 -0.999  0.035-0.026 -0.035 -0.999  0.017 -0.062  0.005
1.57 0.5  0.   0.45 0.5   0.343 0.5   0.537 0.38  0.52   1.    -0.016 -0.026-0.015 -0.999  0.035-0.027 -0.035 -0.999  0.017 -0.062  0.005
1.58 0.5  0.   0.45 0.5   0.342 0.5   0.537 0.379 0.52   1.    -0.016 -0.026-0.015 -0.999  0.035-0.027 -0.035 -0.999  0.016 -0.062  0.005
1.59 0.5  0.   0.45 0.5   0.341 0.5   0.537 0.378 0.52   1.    -0.016 -0.026-0.015 -0.999  0.035-0.027 -0.035 -0.999  0.016 -0.062  0.005
1.6 0.5  0.   0.45 0.5  0.34 0.5  0.537 0.377 0.52   1.    -0.016 -0.026-0.015 -0.999  0.035-0.027 -0.035 -0.999  0.016 -0.062  0.005
1.61 0.5  0.   0.45 0.5   0.339 0.5   0.537 0.376 0.52   1.    -0.016 -0.026-0.015 -0.999  0.036-0.027 -0.035 -0.999  0.016 -0.063  0.004
1.62 0.5  0.   0.45 0.5   0.338 0.5   0.537 0.375 0.52   1.    -0.016 -0.027-0.015 -0.999  0.036-0.027 -0.035 -0.999  0.016 -0.063  0.004
1.63 0.5  0.   0.45 0.5   0.337 0.5   0.537 0.374 0.52   1.    -0.016 -0.027-0.015 -0.999  0.036-0.027 -0.035 -0.999  0.016 -0.063  0.004
1.64 0.5  0.   0.45 0.5   0.336 0.5   0.537 0.373 0.52   1.    -0.016 -0.027-0.015 -0.999  0.036-0.027 -0.035 -0.999  0.016 -0.063  0.004
1.65 0.5  0.   0.45 0.5   0.335 0.5   0.537 0.372 0.52   1.    -0.016 -0.027-0.015 -0.999  0.036-0.028 -0.035 -0.999  0.016 -0.063  0.004
1.66 0.5  0.   0.45 0.5   0.334 0.5   0.537 0.371 0.52   1.    -0.016 -0.027-0.015 -0.999  0.036-0.028 -0.035 -0.999  0.016 -0.064  0.004
1.67 0.5  0.   0.45 0.5   0.333 0.5   0.537 0.37  0.52   0.999 -0.016 -0.027-0.015 -0.999  0.036-0.028 -0.036 -0.999  0.016 -0.064  0.004
1.68 0.5  0.   0.45 0.5   0.332 0.5   0.537 0.369 0.52   0.999 -0.016 -0.027-0.015 -0.999  0.036-0.028 -0.036 -0.999  0.016 -0.064  0.004
1.69 0.5  0.   0.45 0.5   0.331 0.5   0.538 0.368 0.52   0.999 -0.016 -0.027-0.015 -0.999  0.036-0.028 -0.036 -0.999  0.016 -0.064  0.004
1.7 0.5  0.   0.45 0.5  0.33 0.5  0.538 0.367 0.52   0.999 -0.016 -0.028-0.015 -0.999  0.036-0.028 -0.036 -0.999  0.015 -0.064  0.004
1.71 0.5  0.   0.45 0.5   0.329 0.5   0.538 0.366 0.52   0.999 -0.016 -0.028-0.015 -0.999  0.036-0.028 -0.036 -0.999  0.015 -0.064  0.004
1.72 0.5  0.   0.45 0.5   0.328 0.5   0.538 0.365 0.52   0.999 -0.016 -0.028-0.015 -0.999  0.036-0.028 -0.036 -0.999  0.015 -0.065  0.004
1.73 0.5  0.   0.45 0.5   0.327 0.5   0.538 0.364 0.52   0.999 -0.016 -0.028-0.015 -0.999  0.036-0.028 -0.036 -0.999  0.015 -0.065  0.004
1.74 0.5  0.   0.45 0.5   0.326 0.5   0.538 0.363 0.52   0.999 -0.016 -0.028-0.015 -0.999  0.036-0.029 -0.036 -0.999  0.015 -0.065  0.004
1.75 0.5  0.   0.45 0.5   0.325 0.5   0.538 0.362 0.52   0.999 -0.017 -0.028-0.015 -0.999  0.036-0.029 -0.036 -0.999  0.015 -0.065  0.003
1.76 0.5  0.   0.45 0.5   0.324 0.5   0.538 0.361 0.52   0.999 -0.017 -0.028-0.016 -0.999  0.036-0.029 -0.036 -0.999  0.015 -0.065  0.003
1.77 0.5  0.   0.45 0.5   0.323 0.5   0.538 0.36  0.52   0.999 -0.017 -0.028-0.016 -0.999  0.036-0.029 -0.036 -0.999  0.015 -0.065  0.003
1.78 0.5  0.   0.45 0.5   0.322 0.5   0.538 0.359 0.52   0.999 -0.017 -0.028-0.016 -0.999  0.036-0.029 -0.036 -0.999  0.015 -0.065  0.003
1.79 0.5  0.   0.45 0.5   0.321 0.5   0.538 0.358 0.521  0.999 -0.017 -0.028-0.016 -0.999  0.036-0.029 -0.036 -0.999  0.015 -0.066  0.003
1.8 0.5  0.   0.45 0.5  0.32 0.5  0.538 0.357 0.521  0.999 -0.017 -0.029-0.016 -0.999  0.037-0.029 -0.036 -0.999  0.015 -0.066  0.003
1.81 0.5  0.   0.45 0.5   0.319 0.5   0.538 0.356 0.521  0.999 -0.017 -0.029-0.016 -0.999  0.037-0.029 -0.036 -0.999  0.014 -0.066  0.003
1.82 0.5  0.   0.45 0.5   0.318 0.5   0.538 0.354 0.521  0.999 -0.017 -0.029-0.016 -0.999  0.037-0.029 -0.036 -0.999  0.014 -0.066  0.003
1.83 0.5  0.   0.45 0.5   0.317 0.5   0.538 0.353 0.521  0.999 -0.017 -0.029-0.016 -0.999  0.037-0.029 -0.036 -0.999  0.014 -0.066  0.003
1.84 0.5  0.   0.45 0.5   0.316 0.5   0.538 0.352 0.521  0.999 -0.017 -0.029-0.016 -0.999  0.037-0.029 -0.036 -0.999  0.014 -0.066  0.003
1.85 0.5  0.   0.45 0.5   0.315 0.5   0.538 0.351 0.521  0.999 -0.017 -0.029-0.016 -0.999  0.037-0.03  -0.036 -0.999  0.014 -0.067  0.003
1.86 0.5  0.   0.45 0.5   0.314 0.5   0.538 0.35  0.521  0.999 -0.017 -0.029-0.016 -0.999  0.037-0.03  -0.036 -0.999  0.014 -0.067  0.003
1.87 0.5  0.   0.45 0.5   0.313 0.5   0.538 0.349 0.521  0.999 -0.017 -0.029-0.016 -0.999  0.037-0.03  -0.036 -0.999  0.014 -0.067  0.003
1.88 0.5  0.   0.45 0.5   0.312 0.5   0.538 0.348 0.521  0.999 -0.017 -0.029-0.016 -0.999  0.037-0.03  -0.036 -0.999  0.014 -0.067  0.003
1.89 0.5  0.   0.45 0.5   0.311 0.5   0.538 0.347 0.521  0.999 -0.017 -0.029-0.016 -0.999  0.037-0.03  -0.036 -0.999  0.014 -0.067  0.003
1.9 0.5  0.   0.45 0.5  0.31 0.5  0.538 0.346 0.521  0.999 -0.017 -0.029-0.016 -0.999  0.037-0.03  -0.036 -0.999  0.014 -0.067  0.002
1.91 0.5  0.   0.45 0.5   0.309 0.5   0.538 0.345 0.521  0.999 -0.017 -0.029-0.016 -0.999  0.037-0.03  -0.036 -0.999  0.014 -0.068  0.002
1.92 0.5  0.   0.45 0.5   0.308 0.5   0.538 0.344 0.521  0.999 -0.017 -0.029-0.016 -0.999  0.037-0.03  -0.036 -0.999  0.014 -0.068  0.002
1.93 0.5  0.   0.45 0.5   0.307 0.5   0.538 0.343 0.521  0.999 -0.017 -0.03 -0.016 -0.999  0.037-0.03  -0.036 -0.999  0.013 -0.068  0.002
1.94 0.5  0.   0.45 0.5   0.306 0.5   0.538 0.342 0.521  0.999 -0.017 -0.03 -0.016 -0.999  0.037-0.03  -0.036 -0.999  0.013 -0.068  0.002
1.95 0.5  0.   0.45 0.5   0.305 0.5   0.538 0.341 0.521  0.999 -0.017 -0.03 -0.016 -0.999  0.037-0.03  -0.036 -0.999  0.013 -0.068  0.002
1.96 0.5  0.   0.45 0.5   0.304 0.5   0.538 0.34  0.521  0.999 -0.017 -0.03 -0.016 -0.999  0.037-0.03  -0.036 -0.999  0.013 -0.068  0.002
1.97 0.5  0.   0.45 0.5   0.303 0.5   0.538 0.339 0.521  0.999 -0.018 -0.03 -0.016 -0.999  0.037-0.03  -0.036 -0.999  0.013 -0.069  0.002
1.98 0.5  0.   0.45 0.5   0.302 0.5   0.538 0.338 0.521  0.999 -0.018 -0.03 -0.016 -0.999  0.037-0.03  -0.036 -0.999  0.013 -0.069  0.002
1.99 0.5  0.   0.45 0.5   0.301 0.5   0.538 0.337 0.521  0.999 -0.018 -0.03 -0.017 -0.999  0.037-0.03  -0.036 -0.999  0.013 -0.069  0.002
2.0 0.5  0.   0.45 0.5 0.3 0.5 0.538 0.335 0.521  0.999 -0.018 -0.03 -0.017 -0.999  0.037-0.031 -0.036 -0.999  0.013 -0.069  0.002
2.01 0.5  0.   0.45 0.5   0.299 0.5   0.538 0.334 0.521  0.999 -0.018 -0.03 -0.017 -0.999  0.037-0.031 -0.036 -0.999  0.013 -0.069  0.002
2.02 0.5  0.   0.45 0.5   0.298 0.5   0.538 0.333 0.521  0.999 -0.018 -0.03 -0.017 -0.999  0.037-0.031 -0.036 -0.999  0.013 -0.069  0.002
2.03 0.5  0.   0.45 0.5   0.297 0.5   0.538 0.332 0.521  0.999 -0.018 -0.03 -0.017 -0.999  0.037-0.031 -0.036 -0.999  0.013 -0.069  0.002
2.04 0.5  0.   0.45 0.5   0.296 0.5   0.538 0.331 0.521  0.999 -0.018 -0.03 -0.017 -0.999  0.037-0.031 -0.036 -0.999  0.012 -0.07   0.002
2.05 0.5  0.   0.45 0.5   0.295 0.5   0.538 0.33  0.521  0.999 -0.018 -0.03 -0.017 -0.999  0.037-0.031 -0.036 -0.999  0.012 -0.07   0.002
2.06 0.5  0.   0.45 0.5   0.294 0.5   0.538 0.329 0.521  0.999 -0.018 -0.03 -0.017 -0.999  0.037-0.031 -0.036 -0.999  0.012 -0.07   0.002
2.07 0.5  0.   0.45 0.5   0.293 0.5   0.538 0.328 0.521  0.999 -0.018 -0.03 -0.017 -0.999  0.037-0.031 -0.036 -0.999  0.012 -0.07   0.001
2.08 0.5  0.   0.45 0.5   0.292 0.5   0.538 0.327 0.521  0.999 -0.018 -0.03 -0.017 -0.999  0.037-0.031 -0.036 -0.999  0.012 -0.07   0.001
2.09 0.5  0.   0.45 0.5   0.291 0.5   0.538 0.326 0.521  0.999 -0.018 -0.03 -0.017 -0.999  0.037-0.031 -0.036 -0.999  0.012 -0.07   0.001
2.1 0.5  0.   0.45 0.5  0.29 0.5  0.538 0.325 0.521  0.999 -0.018 -0.03 -0.017 -0.999  0.036-0.031 -0.036 -0.999  0.012 -0.07   0.001
2.11 0.5  0.   0.45 0.5   0.289 0.5   0.538 0.324 0.521  0.999 -0.018 -0.03 -0.017 -0.999  0.036-0.031 -0.036 -0.999  0.012 -0.071  0.001
2.12 0.5  0.   0.45 0.5   0.288 0.5   0.538 0.323 0.521  0.999 -0.018 -0.03 -0.017 -0.999  0.036-0.031 -0.036 -0.999  0.012 -0.071  0.001
2.13 0.5  0.   0.45 0.5   0.287 0.5   0.538 0.321 0.521  0.999 -0.018 -0.03 -0.017 -0.999  0.036-0.031 -0.036 -0.999  0.012 -0.071  0.001
2.14 0.5  0.   0.45 0.5   0.286 0.5   0.538 0.32  0.521  0.999 -0.018 -0.03 -0.017 -0.999  0.036-0.031 -0.036 -0.999  0.012 -0.071  0.001
2.15 0.5  0.   0.45 0.5   0.285 0.5   0.538 0.319 0.521  0.999 -0.018 -0.03 -0.017 -0.999  0.036-0.031 -0.036 -0.999  0.012 -0.071  0.001
2.16 0.5  0.   0.45 0.5   0.284 0.5   0.538 0.318 0.521  0.999 -0.018 -0.03 -0.017 -0.999  0.036-0.031 -0.036 -0.999  0.011 -0.071  0.001
2.17 0.5  0.   0.45 0.5   0.283 0.5   0.538 0.317 0.52   0.999 -0.018 -0.031-0.017 -0.999  0.036-0.031 -0.036 -0.999  0.011 -0.071  0.001
2.18 0.5  0.   0.45 0.5   0.282 0.5   0.538 0.316 0.52   0.999 -0.018 -0.031-0.017 -0.999  0.036-0.031 -0.036 -0.999  0.011 -0.071  0.001
2.19 0.5  0.   0.45 0.5   0.281 0.5   0.538 0.315 0.52   0.999 -0.018 -0.031-0.017 -0.999  0.036-0.031 -0.036 -0.999  0.011 -0.072  0.001
2.2 0.5  0.   0.45 0.5  0.28 0.5  0.538 0.314 0.52   0.999 -0.018 -0.031-0.017 -0.999  0.036-0.031 -0.036 -0.999  0.011 -0.072  0.001
2.21 0.5  0.   0.45 0.5   0.279 0.5   0.538 0.313 0.52   0.999 -0.019 -0.031-0.017 -0.999  0.036-0.031 -0.035 -0.999  0.011 -0.072  0.001
2.22 0.5  0.   0.45 0.5   0.278 0.5   0.538 0.312 0.52   0.999 -0.019 -0.031-0.017 -0.999  0.036-0.031 -0.035 -0.999  0.011 -0.072  0.001
2.23 0.5  0.   0.45 0.5   0.277 0.5   0.538 0.311 0.52   0.999 -0.019 -0.031-0.017 -0.999  0.036-0.031 -0.035 -0.999  0.011 -0.072  0.001
2.24 0.5  0.   0.45 0.5   0.276 0.5   0.538 0.309 0.52   0.999 -0.019 -0.031-0.018 -0.999  0.036-0.031 -0.035 -0.999  0.011 -0.072  0.001
2.25 0.5  0.   0.45 0.5   0.275 0.5   0.538 0.308 0.52   0.999 -0.019 -0.031-0.018 -0.999  0.036-0.031 -0.035 -0.999  0.011 -0.072  0.   
2.26 0.5  0.   0.45 0.5   0.274 0.5   0.538 0.307 0.52   0.999 -0.019 -0.031-0.018 -0.999  0.036-0.031 -0.035 -0.999  0.011 -0.073  0.   
2.27 0.5  0.   0.45 0.5   0.273 0.5   0.538 0.306 0.52   0.999 -0.019 -0.031-0.018 -0.999  0.036-0.031 -0.035 -0.999  0.01  -0.073  0.   
2.28 0.5  0.   0.45 0.5   0.272 0.5   0.538 0.305 0.52   0.999 -0.019 -0.031-0.018 -0.999  0.036-0.031 -0.035 -0.999  0.01  -0.073  0.   
2.29 0.5  0.   0.45 0.5   0.271 0.5   0.537 0.304 0.52   0.999 -0.019 -0.031-0.018 -0.999  0.036-0.031 -0.035 -0.999  0.01  -0.073  0.   
2.3 0.5  0.   0.45 0.5  0.27 0.5  0.537 0.303 0.52   0.999 -0.019 -0.031-0.018 -0.999  0.035-0.031 -0.035 -0.999  0.01  -0.073  0.   
2.31 0.5  0.   0.45 0.5   0.269 0.5   0.537 0.302 0.52   0.999 -0.019 -0.031-0.018 -0.999  0.035-0.031 -0.035 -0.999  0.01  -0.073  0.   
2.32 0.5  0.   0.45 0.5   0.268 0.5   0.537 0.301 0.52   0.999 -0.019 -0.031-0.018 -0.999  0.035-0.031 -0.035 -0.999  0.01  -0.073  0.   
2.33 0.5  0.   0.45 0.5   0.267 0.5   0.537 0.299 0.52   0.999 -0.019 -0.031-0.018 -0.999  0.035-0.031 -0.035 -0.999  0.01  -0.073  0.   
2.34 0.5  0.   0.45 0.5   0.266 0.5   0.537 0.298 0.52   0.999 -0.019 -0.031-0.018 -0.999  0.035-0.031 -0.035 -0.999  0.01  -0.073  0.   
2.35 0.5  0.   0.45 0.5   0.265 0.5   0.537 0.297 0.52   0.999 -0.019 -0.031-0.018 -0.999  0.035-0.031 -0.035 -0.999  0.01  -0.074  0.   
2.36 0.5  0.   0.45 0.5   0.264 0.5   0.537 0.296 0.52   0.999 -0.019 -0.031-0.018 -0.999  0.035-0.031 -0.034 -0.999  0.01  -0.074 -0.   
2.37 0.5  0.   0.45 0.5   0.263 0.5   0.537 0.295 0.52   0.999 -0.019 -0.031-0.018 -0.999  0.035-0.031 -0.034 -0.999  0.01  -0.074 -0.   
2.38 0.5  0.   0.45 0.5   0.262 0.5   0.537 0.294 0.52   0.999 -0.019 -0.031-0.018 -0.999  0.035-0.031 -0.034 -0.999  0.01  -0.074 -0.   
2.39 0.5  0.   0.45 0.5   0.261 0.5   0.537 0.293 0.52   0.999 -0.019 -0.03 -0.018 -0.999  0.035-0.031 -0.034 -0.999  0.009 -0.074 -0.   
2.4 0.5  0.   0.45 0.5  0.26 0.5  0.537 0.292 0.52   0.999 -0.019 -0.03 -0.018 -0.999  0.035-0.031 -0.034 -0.999  0.009 -0.074 -0.   
2.41 0.5  0.   0.45 0.5   0.259 0.5   0.537 0.291 0.52   0.999 -0.019 -0.03 -0.018 -0.999  0.035-0.031 -0.034 -0.999  0.009 -0.074 -0.   
2.42 0.5  0.   0.45 0.5   0.258 0.5   0.537 0.289 0.52   0.999 -0.019 -0.03 -0.018 -0.999  0.035-0.031 -0.034 -0.999  0.009 -0.074 -0.   
2.43 0.5  0.   0.45 0.5   0.257 0.5   0.536 0.288 0.519  0.999 -0.019 -0.03 -0.018 -0.999  0.034-0.031 -0.034 -0.999  0.009 -0.074 -0.   
2.44 0.5  0.   0.45 0.5   0.256 0.5   0.536 0.287 0.519  0.999 -0.019 -0.03 -0.018 -0.999  0.034-0.031 -0.034 -0.999  0.009 -0.075 -0.   
2.45 0.5  0.   0.45 0.5   0.255 0.5   0.536 0.286 0.519  0.999 -0.019 -0.03 -0.018 -0.999  0.034-0.031 -0.034 -0.999  0.009 -0.075 -0.   
2.46 0.5  0.   0.45 0.5   0.254 0.5   0.536 0.285 0.519  0.999 -0.019 -0.03 -0.018 -0.999  0.034-0.031 -0.034 -0.999  0.009 -0.075 -0.   
2.47 0.5  0.   0.45 0.5   0.253 0.5   0.536 0.284 0.519  0.999 -0.019 -0.03 -0.018 -0.999  0.034-0.031 -0.033 -0.999  0.009 -0.075 -0.   
2.48 0.5  0.   0.45 0.5   0.252 0.5   0.536 0.283 0.519  0.999 -0.019 -0.03 -0.018 -0.999  0.034-0.031 -0.033 -0.999  0.009 -0.075 -0.001
2.49 0.5  0.   0.45 0.5   0.251 0.5   0.536 0.282 0.519  0.999 -0.019 -0.03 -0.018 -0.999  0.034-0.031 -0.033 -0.999  0.009 -0.075 -0.001
2.5 0.5  0.   0.45 0.5  0.25 0.5  0.536 0.281 0.519  0.999 -0.019 -0.03 -0.018 -0.999  0.034-0.031 -0.033 -0.999  0.009 -0.075 -0.001
2.51 0.5  0.   0.45 0.5   0.249 0.5   0.536 0.279 0.519  0.999 -0.02  -0.03 -0.018 -0.999  0.034-0.031 -0.033 -0.999  0.008 -0.075 -0.001
2.52 0.5  0.   0.45 0.5   0.248 0.5   0.536 0.278 0.519  0.999 -0.02  -0.03 -0.019 -0.999  0.034-0.031 -0.033 -0.999  0.008 -0.075 -0.001
2.53 0.5  0.   0.45 0.5   0.247 0.5   0.536 0.277 0.519  0.999 -0.02  -0.03 -0.019 -0.999  0.033-0.031 -0.033 -0.999  0.008 -0.075 -0.001
2.54 0.5  0.   0.45 0.5   0.246 0.5   0.535 0.276 0.519  0.999 -0.02  -0.03 -0.019 -0.999  0.033-0.031 -0.033 -0.999  0.008 -0.075 -0.001
2.55 0.5  0.   0.45 0.5   0.245 0.5   0.535 0.275 0.519  0.999 -0.02  -0.03 -0.019 -0.999  0.033-0.031 -0.033 -0.999  0.008 -0.076 -0.001
2.56 0.5  0.   0.45 0.5   0.244 0.5   0.535 0.274 0.519  0.999 -0.02  -0.03 -0.019 -0.999  0.033-0.031 -0.033 -0.999  0.008 -0.076 -0.001
2.57 0.5  0.   0.45 0.5   0.243 0.5   0.535 0.273 0.519  0.999 -0.02  -0.03 -0.019 -0.999  0.033-0.03  -0.032 -0.999  0.008 -0.076 -0.001
2.58 0.5  0.   0.45 0.5   0.242 0.5   0.535 0.272 0.519  0.999 -0.02  -0.03 -0.019 -0.999  0.033-0.03  -0.032 -0.999  0.008 -0.076 -0.001
2.59 0.5  0.   0.45 0.5   0.241 0.5   0.535 0.27  0.519  0.999 -0.02  -0.03 -0.019 -0.999  0.033-0.03  -0.032 -0.999  0.008 -0.076 -0.001
2.6 0.5  0.   0.45 0.5  0.24 0.5  0.535 0.269 0.519  0.999 -0.02  -0.03 -0.019 -0.999  0.033-0.03  -0.032 -0.999  0.008 -0.076 -0.001
2.61 0.5  0.   0.45 0.5   0.239 0.5   0.535 0.268 0.518  0.999 -0.02  -0.03 -0.019 -0.999  0.033-0.03  -0.032 -0.999  0.008 -0.076 -0.001
2.62 0.5  0.   0.45 0.5   0.238 0.5   0.535 0.267 0.518  0.999 -0.02  -0.03 -0.019 -0.999  0.032-0.03  -0.032 -0.999  0.008 -0.076 -0.001
2.63 0.5  0.   0.45 0.5   0.237 0.5   0.534 0.266 0.518  0.999 -0.02  -0.03 -0.019 -0.999  0.032-0.03  -0.032 -0.999  0.008 -0.076 -0.001
2.64 0.5  0.   0.45 0.5   0.236 0.5   0.534 0.265 0.518  0.999 -0.02  -0.029-0.019 -0.999  0.032-0.03  -0.032 -0.999  0.007 -0.076 -0.001
2.65 0.5  0.   0.45 0.5   0.235 0.5   0.534 0.264 0.518  0.999 -0.02  -0.029-0.019 -0.999  0.032-0.03  -0.032 -0.999  0.007 -0.076 -0.001
2.66 0.5  0.   0.45 0.5   0.234 0.5   0.534 0.263 0.518  0.999 -0.02  -0.029-0.019 -0.999  0.032-0.03  -0.031 -0.999  0.007 -0.076 -0.001
2.67 0.5  0.   0.45 0.5   0.233 0.5   0.534 0.261 0.518  0.999 -0.02  -0.029-0.019 -0.999  0.032-0.03  -0.031 -0.999  0.007 -0.077 -0.001
2.68 0.5  0.   0.45 0.5   0.232 0.5   0.534 0.26  0.518  0.999 -0.02  -0.029-0.019 -0.999  0.032-0.03  -0.031 -0.999  0.007 -0.077 -0.001
2.69 0.5  0.   0.45 0.5   0.231 0.5   0.534 0.259 0.518  0.999 -0.02  -0.029-0.019 -0.999  0.032-0.03  -0.031 -0.999  0.007 -0.077 -0.001
2.7 0.5  0.   0.45 0.5  0.23 0.5  0.534 0.258 0.518  0.999 -0.02  -0.029-0.019 -0.999  0.031-0.03  -0.031 -0.999  0.007 -0.077 -0.001
2.71 0.5  0.   0.45 0.5   0.229 0.5   0.534 0.257 0.518  0.999 -0.02  -0.029-0.019 -0.999  0.031-0.03  -0.031 -0.999  0.007 -0.077 -0.001
2.72 0.5  0.   0.45 0.5   0.228 0.5   0.533 0.256 0.518  0.999 -0.02  -0.029-0.019 -0.999  0.031-0.03  -0.031 -0.999  0.007 -0.077 -0.001
2.73 0.5  0.   0.45 0.5   0.227 0.5   0.533 0.255 0.518  0.999 -0.02  -0.029-0.019 -0.999  0.031-0.029 -0.031 -0.999  0.007 -0.077 -0.001
2.74 0.5  0.   0.45 0.5   0.226 0.5   0.533 0.254 0.518  0.999 -0.02  -0.029-0.019 -0.999  0.031-0.029 -0.03  -0.999  0.007 -0.077 -0.001
2.75 0.5  0.   0.45 0.5   0.225 0.5   0.533 0.252 0.518  0.999 -0.02  -0.029-0.019 -0.999  0.031-0.029 -0.03  -0.999  0.007 -0.077 -0.001
2.76 0.5  0.   0.45 0.5   0.224 0.5   0.533 0.251 0.517  0.999 -0.02  -0.029-0.019 -0.999  0.031-0.029 -0.03  -0.999  0.007 -0.077 -0.001
2.77 0.5  0.   0.45 0.5   0.223 0.5   0.533 0.25  0.517  0.999 -0.02  -0.029-0.019 -0.999  0.031-0.029 -0.03  -0.999  0.007 -0.077 -0.001
2.78 0.5  0.   0.45 0.5   0.222 0.5   0.533 0.249 0.517  0.999 -0.02  -0.029-0.019 -0.999  0.03 -0.029 -0.03  -0.999  0.006 -0.077 -0.001
2.79 0.5  0.   0.45 0.5   0.221 0.5   0.533 0.248 0.517  0.999 -0.02  -0.028-0.019 -0.999  0.03 -0.029 -0.03  -0.999  0.006 -0.077 -0.001
2.8 0.5  0.   0.45 0.5  0.22 0.5  0.532 0.247 0.517  0.999 -0.02  -0.028-0.019 -0.999  0.03 -0.029 -0.03  -0.999  0.006 -0.077 -0.001
2.81 0.5  0.   0.45 0.5   0.219 0.5   0.532 0.246 0.517  0.999 -0.02  -0.028-0.019 -0.999  0.03 -0.029 -0.03  -0.999  0.006 -0.077 -0.001
2.82 0.5  0.   0.45 0.5   0.218 0.5   0.532 0.244 0.517  0.999 -0.02  -0.028-0.019 -0.999  0.03 -0.029 -0.029 -0.999  0.006 -0.077 -0.001
2.83 0.5  0.   0.45 0.5   0.217 0.5   0.532 0.243 0.517  0.999 -0.02  -0.028-0.019 -0.999  0.03 -0.029 -0.029 -0.999  0.006 -0.077 -0.001
2.84 0.5  0.   0.45 0.5   0.216 0.5   0.532 0.242 0.517  0.999 -0.02  -0.028-0.019 -0.999  0.03 -0.029 -0.029 -0.999  0.006 -0.077 -0.001
2.85 0.5  0.   0.45 0.5   0.215 0.5   0.532 0.241 0.517  0.999 -0.02  -0.028-0.019 -0.999  0.03 -0.029 -0.029 -0.999  0.006 -0.078 -0.001
2.86 0.5  0.   0.45 0.5   0.214 0.5   0.532 0.24  0.517  0.999 -0.02  -0.028-0.019 -0.999  0.029-0.028 -0.029 -0.999  0.006 -0.078 -0.001
2.87 0.5  0.   0.45 0.5   0.213 0.5   0.531 0.239 0.517  0.999 -0.02  -0.028-0.019 -0.999  0.029-0.028 -0.029 -0.999  0.006 -0.078 -0.001
2.88 0.5  0.   0.45 0.5   0.212 0.5   0.531 0.238 0.517  0.999 -0.02  -0.028-0.019 -0.999  0.029-0.028 -0.029 -0.999  0.006 -0.078 -0.001
2.89 0.5  0.   0.45 0.5   0.211 0.5   0.531 0.237 0.516  0.999 -0.02  -0.028-0.019 -0.999  0.029-0.028 -0.028 -0.999  0.006 -0.078 -0.002
2.9 0.5  0.   0.45 0.5  0.21 0.5  0.531 0.235 0.516  0.999 -0.02  -0.028-0.019 -0.999  0.029-0.028 -0.028 -0.999  0.006 -0.078 -0.002
2.91 0.5  0.   0.45 0.5   0.209 0.5   0.531 0.234 0.516  0.999 -0.02  -0.027-0.019 -0.999  0.029-0.028 -0.028 -0.999  0.006 -0.078 -0.002
2.92 0.5  0.   0.45 0.5   0.208 0.5   0.531 0.233 0.516  0.999 -0.02  -0.027-0.019 -0.999  0.029-0.028 -0.028 -0.999  0.006 -0.078 -0.002
2.93 0.5  0.   0.45 0.5   0.207 0.5   0.531 0.232 0.516  0.999 -0.02  -0.027-0.019 -0.999  0.028-0.028 -0.028 -0.999  0.005 -0.078 -0.002
2.94 0.5  0.   0.45 0.5   0.206 0.5   0.531 0.231 0.516  0.999 -0.02  -0.027-0.019 -0.999  0.028-0.028 -0.028 -0.999  0.005 -0.078 -0.002
2.95 0.5  0.   0.45 0.5   0.205 0.5   0.53  0.23  0.516  0.999 -0.02  -0.027-0.019 -0.999  0.028-0.028 -0.028 -0.999  0.005 -0.078 -0.002
2.96 0.5  0.   0.45 0.5   0.204 0.5   0.53  0.229 0.516  0.999 -0.02  -0.027-0.019 -0.999  0.028-0.028 -0.028 -0.999  0.005 -0.078 -0.002
2.97 0.5  0.   0.45 0.5   0.203 0.5   0.53  0.228 0.516  0.999 -0.02  -0.027-0.02  -0.999  0.028-0.027 -0.027 -0.999  0.005 -0.078 -0.002
2.98 0.5  0.   0.45 0.5   0.202 0.5   0.53  0.226 0.516  0.999 -0.02  -0.027-0.02  -0.999  0.028-0.027 -0.027 -0.999  0.005 -0.078 -0.002
2.99 0.5  0.   0.45 0.5   0.201 0.5   0.53  0.225 0.516  0.999 -0.02  -0.027-0.02  -0.999  0.028-0.027 -0.027 -0.999  0.005 -0.078 -0.002
3.0 0.5  0.   0.45 0.5 0.2 0.5 0.53  0.224 0.516  0.999 -0.02  -0.027-0.02  -0.999  0.027-0.027 -0.027 -0.999  0.005 -0.078 -0.002
3.01 0.5  0.   0.45 0.5   0.199 0.5   0.53  0.223 0.516  0.999 -0.02  -0.026-0.02  -0.999  0.027-0.027 -0.027 -0.999  0.005 -0.078 -0.002
3.02 0.5  0.   0.45 0.5   0.198 0.5   0.529 0.222 0.515  0.999 -0.02  -0.026-0.02  -0.999  0.027-0.027 -0.027 -0.999  0.005 -0.078 -0.002
3.03 0.5  0.   0.45 0.5   0.197 0.5   0.529 0.221 0.515  0.999 -0.02  -0.026-0.02  -0.999  0.027-0.027 -0.027 -0.999  0.005 -0.078 -0.002
3.04 0.5  0.   0.45 0.5   0.196 0.5   0.529 0.22  0.515  0.999 -0.02  -0.026-0.02  -0.999  0.027-0.027 -0.026 -0.999  0.005 -0.078 -0.002
3.05 0.5  0.   0.45 0.5   0.195 0.5   0.529 0.219 0.515  0.999 -0.02  -0.026-0.02  -0.999  0.027-0.027 -0.026 -0.999  0.005 -0.078 -0.002
3.06 0.5  0.   0.45 0.5   0.194 0.5   0.529 0.217 0.515  0.999 -0.02  -0.026-0.02  -0.999  0.027-0.027 -0.026 -0.999  0.005 -0.078 -0.002
3.07 0.5  0.   0.45 0.5   0.193 0.5   0.529 0.216 0.515  0.999 -0.02  -0.026-0.02  -0.999  0.027-0.026 -0.026 -0.999  0.005 -0.078 -0.002
3.08 0.5  0.   0.45 0.5   0.192 0.5   0.529 0.215 0.515  0.999 -0.02  -0.026-0.02  -0.999  0.026-0.026 -0.026 -0.999  0.005 -0.078 -0.002
3.09 0.5  0.   0.45 0.5   0.191 0.5   0.528 0.214 0.515  0.999 -0.02  -0.026-0.02  -0.999  0.026-0.026 -0.026 -0.999  0.005 -0.078 -0.002
3.1 0.5  0.   0.45 0.5  0.19 0.5  0.528 0.213 0.515  0.999 -0.02  -0.026-0.02  -0.999  0.026-0.026 -0.026 -0.999  0.004 -0.078 -0.002
3.11 0.5  0.   0.45 0.5   0.189 0.5   0.528 0.212 0.515  0.999 -0.02  -0.025-0.02  -0.999  0.026-0.026 -0.025 -0.999  0.004 -0.078 -0.002
3.12 0.5  0.   0.45 0.5   0.188 0.5   0.528 0.211 0.515  0.999 -0.02  -0.025-0.02  -0.999  0.026-0.026 -0.025 -0.999  0.004 -0.078 -0.002
3.13 0.5  0.   0.45 0.5   0.187 0.5   0.528 0.21  0.515  0.999 -0.02  -0.025-0.02  -0.999  0.026-0.026 -0.025 -0.999  0.004 -0.078 -0.002
3.14 0.5  0.   0.45 0.5   0.186 0.5   0.528 0.209 0.514  0.999 -0.02  -0.025-0.02  -0.999  0.026-0.026 -0.025 -0.999  0.004 -0.078 -0.002
3.15 0.5  0.   0.45 0.5   0.185 0.5   0.528 0.207 0.514  0.999 -0.02  -0.025-0.02  -0.999  0.025-0.026 -0.025 -0.999  0.004 -0.078 -0.002
3.16 0.5  0.   0.45 0.5   0.184 0.5   0.527 0.206 0.514  0.999 -0.02  -0.025-0.02  -0.999  0.025-0.025 -0.025 -0.999  0.004 -0.078 -0.002
3.17 0.5  0.   0.45 0.5   0.183 0.5   0.527 0.205 0.514  0.999 -0.02  -0.025-0.02  -0.999  0.025-0.025 -0.025 -0.999  0.004 -0.078 -0.002
3.18 0.5  0.   0.45 0.5   0.182 0.5   0.527 0.204 0.514  0.999 -0.02  -0.025-0.02  -0.999  0.025-0.025 -0.024 -0.999  0.004 -0.078 -0.002
3.19 0.5  0.   0.45 0.5   0.181 0.5   0.527 0.203 0.514  0.999 -0.02  -0.025-0.02  -0.999  0.025-0.025 -0.024 -0.999  0.004 -0.078 -0.002
3.2 0.5  0.   0.45 0.5  0.18 0.5  0.527 0.202 0.514  0.999 -0.02  -0.025-0.02  -1.     0.025-0.025 -0.024 -0.999  0.004 -0.078 -0.002
3.21 0.5  0.   0.45 0.5   0.179 0.5   0.527 0.201 0.514  0.999 -0.02  -0.024-0.02  -1.     0.025-0.025 -0.024 -0.999  0.004 -0.078 -0.002
3.22 0.5  0.   0.45 0.5   0.178 0.5   0.526 0.2   0.514  0.999 -0.02  -0.024-0.02  -1.     0.024-0.025 -0.024 -0.999  0.004 -0.078 -0.002
3.23 0.5  0.   0.45 0.5   0.177 0.5   0.526 0.198 0.514  1.    -0.02  -0.024-0.02  -1.     0.024-0.025 -0.024 -0.999  0.004 -0.078 -0.002
3.24 0.5  0.   0.45 0.5   0.176 0.5   0.526 0.197 0.514  1.    -0.02  -0.024-0.02  -1.     0.024-0.025 -0.024 -0.999  0.004 -0.078 -0.002
3.25 0.5  0.   0.45 0.5   0.175 0.5   0.526 0.196 0.514  1.    -0.02  -0.024-0.02  -1.     0.024-0.024 -0.023 -0.999  0.004 -0.078 -0.002
3.26 0.5  0.   0.45 0.5   0.174 0.5   0.526 0.195 0.513  1.    -0.02  -0.024-0.02  -1.     0.024-0.024 -0.023 -0.999  0.004 -0.078 -0.002
3.27 0.5  0.   0.45 0.5   0.173 0.5   0.526 0.194 0.513  1.    -0.02  -0.024-0.02  -1.     0.024-0.024 -0.023 -0.999  0.004 -0.078 -0.002
3.28 0.5  0.   0.45 0.5   0.172 0.5   0.526 0.193 0.513  1.    -0.02  -0.024-0.02  -1.     0.024-0.024 -0.023 -0.999  0.003 -0.078 -0.002
3.29 0.5  0.   0.45 0.5   0.171 0.5   0.525 0.192 0.513  1.    -0.02  -0.023-0.02  -1.     0.023-0.024 -0.023 -0.999  0.003 -0.078 -0.002
3.3 0.5  0.   0.45 0.5  0.17 0.5  0.525 0.191 0.513  1.    -0.02  -0.023-0.02  -1.     0.023-0.024 -0.023 -0.999  0.003 -0.078 -0.002
3.31 0.5  0.   0.45 0.5   0.169 0.5   0.525 0.19  0.513  1.    -0.02  -0.023-0.02  -1.     0.023-0.024 -0.023 -0.999  0.003 -0.078 -0.002
3.32 0.5  0.   0.45 0.5   0.168 0.5   0.525 0.188 0.513  1.    -0.02  -0.023-0.02  -1.     0.023-0.024 -0.022 -0.999  0.003 -0.078 -0.002
3.33 0.5  0.   0.45 0.5   0.167 0.5   0.525 0.187 0.513  1.    -0.02  -0.023-0.02  -1.     0.023-0.023 -0.022 -0.999  0.003 -0.078 -0.002
3.34 0.5  0.   0.45 0.5   0.166 0.5   0.525 0.186 0.513  1.    -0.02  -0.023-0.02  -1.     0.023-0.023 -0.022 -0.999  0.003 -0.078 -0.002
3.35 0.5  0.   0.45 0.5   0.165 0.5   0.525 0.185 0.513  1.    -0.02  -0.023-0.02  -1.     0.023-0.023 -0.022 -0.999  0.003 -0.078 -0.002
3.36 0.5  0.   0.45 0.5   0.164 0.5   0.524 0.184 0.513  1.    -0.02  -0.023-0.02  -1.     0.022-0.023 -0.022 -0.999  0.003 -0.078 -0.002
3.37 0.5  0.   0.45 0.5   0.163 0.5   0.524 0.183 0.513  1.    -0.02  -0.023-0.02  -1.     0.022-0.023 -0.022 -0.999  0.003 -0.078 -0.002
3.38 0.5  0.   0.45 0.5   0.162 0.5   0.524 0.182 0.513  1.    -0.02  -0.022-0.02  -1.     0.022-0.023 -0.022 -1.     0.003 -0.078 -0.002
3.39 0.5  0.   0.45 0.5   0.161 0.5   0.524 0.181 0.512  1.    -0.02  -0.022-0.02  -1.     0.022-0.023 -0.022 -1.     0.003 -0.078 -0.002
3.4 0.5  0.   0.45 0.5  0.16 0.5  0.524 0.18  0.512  1.    -0.02  -0.022-0.02  -1.     0.022-0.023 -0.021 -1.     0.003 -0.078 -0.002
3.41 0.5  0.   0.45 0.5   0.159 0.5   0.524 0.178 0.512  1.    -0.02  -0.022-0.02  -1.     0.022-0.023 -0.021 -1.     0.003 -0.078 -0.002
3.42 0.5  0.   0.45 0.5   0.158 0.5   0.524 0.177 0.512  1.    -0.02  -0.022-0.02  -1.     0.022-0.022 -0.021 -1.     0.003 -0.078 -0.002
3.43 0.5  0.   0.45 0.5   0.157 0.5   0.523 0.176 0.512  1.    -0.02  -0.022-0.02  -1.     0.021-0.022 -0.021 -1.     0.001 -0.07  -0.   
3.44 0.5  0.   0.45 0.5   0.156 0.5   0.523 0.176 0.512  1.    -0.02  -0.021-0.019 -1.     0.021-0.022 -0.02  -1.    -0.007 -0.036  0.003
3.45 0.5  0.   0.45 0.5   0.155 0.5   0.523 0.175 0.512  1.    -0.019 -0.021-0.018 -1.     0.02 -0.021 -0.02  -1.    -0.019  0.002  0.005
3.46 0.5  0.   0.45 0.5   0.154 0.5   0.523 0.175 0.512  1.    -0.017 -0.021-0.017 -1.     0.02 -0.021 -0.019 -1.    -0.028  0.033  0.005
3.47 0.5  0.   0.45 0.5   0.153 0.5   0.522 0.175 0.512  1.    -0.015 -0.02 -0.015 -1.     0.019-0.021 -0.019 -1.    -0.032  0.048  0.005
3.48 0.5  0.   0.45 0.5   0.152 0.5   0.522 0.176 0.512  1.    -0.013 -0.02 -0.013 -1.     0.018-0.02  -0.018 -1.    -0.03   0.047  0.005
3.49 0.5  0.   0.45 0.5   0.151 0.5   0.521 0.176 0.513  1.    -0.011 -0.02 -0.011 -1.     0.017-0.02  -0.017 -1.    -0.023  0.032  0.005
3.5 0.5  0.   0.45 0.5  0.15 0.5  0.521 0.176 0.513  1.    -0.01  -0.019-0.01  -1.     0.016-0.019 -0.016 -1.    -0.013  0.008  0.012
3.51 0.5  0.   0.45 0.5   0.149 0.5   0.521 0.176 0.513  1.    -0.01  -0.019-0.009 -1.     0.015-0.019 -0.015 -1.    -0.004 -0.015  0.006
3.52 0.5  0.   0.45 0.5   0.148 0.5   0.521 0.176 0.513  1.    -0.009 -0.018-0.009 -1.     0.014-0.018 -0.014 -1.     0.004 -0.034  0.011
3.53 0.5  0.   0.45 0.5   0.147 0.5   0.521 0.175 0.513  1.    -0.01  -0.017-0.009 -1.     0.013-0.018 -0.013 -1.     0.009 -0.046  0.012
3.54 0.5  0.   0.45 0.5   0.146 0.5   0.521 0.175 0.513  1.    -0.01  -0.017-0.01  -1.     0.012-0.017 -0.012 -1.     0.012 -0.05   0.   
3.55 0.5  0.   0.45 0.5   0.145 0.5   0.521 0.174 0.513  1.    -0.01  -0.016-0.01  -1.     0.011-0.017 -0.011 -1.     0.012 -0.048  0.003
3.56 0.5  0.   0.45 0.5   0.144 0.5   0.521 0.173 0.513  1.    -0.011 -0.016-0.01 -1.    0.01-0.016 -0.01  -1.     0.011 -0.043  0.003
3.57 0.5  0.   0.45 0.5   0.143 0.5   0.521 0.173 0.513  1.    -0.011 -0.015-0.011 -1.     0.009-0.015 -0.009 -1.     0.009 -0.037  0.002
3.58 0.5  0.   0.45 0.5   0.142 0.5   0.522 0.173 0.513  1.    -0.011 -0.015-0.011 -1.     0.008-0.015 -0.008 -1.     0.008 -0.031  0.   
3.59 0.5  0.   0.45 0.5   0.141 0.5   0.522 0.172 0.513  1.    -0.011 -0.014-0.01  -1.     0.007-0.014 -0.007 -1.     0.007 -0.028 -0.001
3.6 0.5  0.   0.45 0.5  0.14 0.5  0.522 0.172 0.513  1.    -0.01  -0.014-0.01  -1.     0.007-0.014 -0.006 -1.     0.007 -0.027 -0.002
3.61 0.5  0.   0.45 0.5   0.139 0.5   0.522 0.171 0.513  1.    -0.01  -0.013-0.01  -1.     0.006-0.013 -0.006 -1.     0.007 -0.029 -0.002
3.62 0.5  0.   0.45 0.5   0.138 0.5   0.522 0.171 0.513  1.    -0.01  -0.013-0.01  -1.     0.005-0.013 -0.005 -1.     0.009 -0.032 -0.002
3.63 0.5  0.   0.45 0.5   0.137 0.5   0.522 0.171 0.513  1.    -0.01  -0.012-0.01  -1.     0.004-0.012 -0.004 -1.     0.01  -0.036 -0.002
3.64 0.5  0.   0.45 0.5   0.136 0.5   0.522 0.17  0.513  1.    -0.01  -0.012-0.01  -1.     0.004-0.012 -0.004 -1.     0.011 -0.039 -0.002
3.65 0.5  0.   0.45 0.5   0.135 0.5   0.522 0.17  0.513  1.    -0.01  -0.011-0.01  -1.     0.003-0.012 -0.003 -1.     0.012 -0.042 -0.002
3.66 0.5  0.   0.45 0.5   0.134 0.5   0.523 0.169 0.513  1.    -0.01  -0.011-0.01  -1.     0.002-0.011 -0.002 -1.     0.013 -0.043 -0.002
3.67 0.5  0.   0.45 0.5   0.133 0.5   0.523 0.168 0.513  1.    -0.01  -0.011-0.01  -1.     0.002-0.011 -0.002 -1.     0.013 -0.043 -0.002
3.68 0.5  0.   0.45 0.5   0.132 0.5   0.523 0.168 0.513  1.   -0.01 -0.01-0.01  -1.     0.001-0.01  -0.001 -1.     0.012 -0.043 -0.002
3.69 0.5  0.   0.45 0.5   0.131 0.5   0.523 0.167 0.513  1.   -0.01 -0.01-0.01  -1.     0.001-0.01 -0.   -1.    0.012 -0.042 -0.002
3.7 0.5  0.   0.45 0.5  0.13 0.5  0.523 0.167 0.513  1.   -0.01 -0.01-0.01 -1.    0.  -0.01  0.   -1.    0.012 -0.041 -0.002
3.71 0.5  0.   0.45 0.5   0.129 0.5   0.523 0.166 0.512  1.    -0.01  -0.009-0.01 -1.   -0.  -0.009  0.001 -1.     0.012 -0.041 -0.002
3.72 0.5  0.   0.45 0.5   0.128 0.5   0.523 0.166 0.512  1.    -0.01  -0.009-0.01  -1.    -0.001-0.009  0.001 -1.     0.012 -0.042 -0.001
3.73 0.5  0.   0.45 0.5   0.127 0.5   0.524 0.165 0.512  1.    -0.01  -0.009-0.01  -1.    -0.001-0.009  0.002 -1.     0.012 -0.043 -0.001
3.74 0.5  0.   0.45 0.5   0.126 0.5   0.524 0.165 0.512  1.    -0.01  -0.008-0.01  -1.    -0.002-0.008  0.002 -1.     0.012 -0.043 -0.004
3.75 0.5  0.   0.45 0.5   0.125 0.5   0.524 0.164 0.512  1.    -0.01  -0.008-0.01  -1.    -0.002-0.008  0.002 -1.     0.011 -0.043 -0.005
3.76 0.5  0.   0.45 0.5   0.124 0.5   0.524 0.163 0.512  1.    -0.01  -0.008-0.01  -1.    -0.003-0.008  0.003 -1.     0.011 -0.043 -0.004
3.77 0.5  0.   0.45 0.5   0.123 0.5   0.524 0.163 0.512  1.    -0.01  -0.008-0.01  -1.    -0.003-0.008  0.003 -1.    -0.001 -0.01  -0.007
3.78 0.5  0.   0.45 0.5   0.122 0.5   0.524 0.163 0.512  1.    -0.009 -0.008-0.009 -1.    -0.003-0.008  0.003 -1.    -0.012  0.02  -0.009
3.79 0.5  0.   0.45 0.5   0.121 0.5   0.524 0.163 0.511  1.    -0.008 -0.008-0.008 -1.    -0.003-0.008  0.003 -1.    -0.018  0.04  -0.007
3.8 0.5  0.   0.45 0.5  0.12 0.5  0.524 0.164 0.511  1.    -0.006 -0.008-0.006 -1.    -0.003-0.008  0.003 -1.    -0.02   0.045 -0.004
3.81 0.5  0.   0.45 0.5   0.119 0.5   0.524 0.164 0.511  1.    -0.005 -0.007-0.005 -1.    -0.003-0.007  0.003 -1.    -0.006  0.014  0.007
3.82 0.5  0.   0.45 0.5   0.118 0.5   0.523 0.164 0.511  1.    -0.004 -0.007-0.004 -1.    -0.004-0.007  0.004 -1.    -0.003  0.01   0.007
3.83 0.5  0.   0.45 0.5   0.117 0.5   0.523 0.164 0.512  1.    -0.004 -0.006-0.004 -1.    -0.004-0.006  0.004 -1.    -0.002  0.002  0.003
3.84 0.5  0.   0.45 0.5   0.116 0.5   0.523 0.164 0.512  1.    -0.003 -0.006-0.003 -1.    -0.005-0.006  0.005 -1.     0.    -0.003  0.001
3.85 0.5  0.   0.45 0.5   0.115 0.5   0.524 0.164 0.512  1.    -0.003 -0.006-0.003 -1.    -0.005-0.006  0.005 -1.     0.001 -0.006  0.001
3.86 0.5  0.   0.45 0.5   0.114 0.5   0.524 0.164 0.511  1.    -0.003 -0.005-0.003 -1.    -0.005-0.005  0.005 -1.     0.002 -0.007  0.001
3.87 0.5  0.   0.45 0.5   0.113 0.5   0.524 0.164 0.511  1.    -0.003 -0.005-0.003 -1.    -0.006-0.005  0.006 -1.     0.003 -0.007  0.001
3.88 0.5  0.   0.45 0.5   0.112 0.5   0.524 0.163 0.512  1.    -0.003 -0.004-0.003 -1.    -0.006-0.004  0.006 -1.     0.016 -0.037  0.009
3.89 0.5  0.   0.45 0.5   0.111 0.5   0.524 0.163 0.512  1.    -0.003 -0.003-0.003 -1.    -0.007-0.003  0.007 -1.     0.012 -0.021  0.007
3.9 0.5  0.   0.45 0.5  0.11 0.5  0.524 0.163 0.512  1.    -0.003 -0.003-0.003 -1.    -0.008-0.003  0.008 -1.     0.006 -0.008 -0.   
3.91 0.5  0.   0.45 0.5   0.109 0.5   0.524 0.163 0.512  1.    -0.003 -0.003-0.003 -1.    -0.008-0.003  0.008 -1.     0.002  0.003 -0.003
3.92 0.5  0.   0.45 0.5   0.108 0.5   0.524 0.163 0.512  1.    -0.003 -0.003-0.003 -1.    -0.008-0.003  0.008 -1.    -0.     0.008 -0.003
3.93 0.5  0.   0.45 0.5   0.107 0.5   0.524 0.163 0.511  1.    -0.002 -0.002-0.002 -1.    -0.009-0.002  0.009 -1.    -0.     0.008 -0.002
3.94 0.5  0.   0.45 0.5   0.106 0.5   0.524 0.163 0.511  1.    -0.002 -0.002-0.002 -1.    -0.009-0.002  0.009 -1.     0.002  0.004 -0.001
3.95 0.5  0.   0.45 0.5   0.105 0.5   0.524 0.163 0.511  1.    -0.002 -0.002-0.002 -1.    -0.009-0.002  0.009 -1.     0.005 -0.003  0.001
3.96 0.5  0.   0.45 0.5   0.104 0.5   0.525 0.163 0.512  1.    -0.002 -0.001-0.002 -1.    -0.01 -0.001  0.01  -1.     0.022 -0.046  0.011
3.97 0.5  0.   0.45 0.5   0.103 0.5   0.525 0.162 0.512  1.    -0.003  0.   -0.003 -1.    -0.011 0.     0.011 -1.     0.019 -0.032  0.009
3.98 0.5  0.   0.45 0.5   0.102 0.5   0.525 0.162 0.512  1.    -0.003  0.   -0.003 -1.    -0.012 0.     0.012 -1.     0.013 -0.02   0.   
3.99 0.5  0.   0.45 0.5   0.101 0.5   0.526 0.162 0.512  1.    -0.003  0.001-0.003 -1.    -0.012 0.001  0.012 -1.     0.007 -0.007 -0.003
4.0 0.5  0.   0.45 0.5 0.1 0.5 0.526 0.162 0.512  1.    -0.003  0.001-0.003 -1.    -0.012 0.001  0.012 -1.     0.004  0.002 -0.004
4.01 0.5  0.   0.45 0.5   0.099 0.5   0.526 0.162 0.511  1.    -0.002  0.001-0.002 -1.    -0.012 0.001  0.012 -1.     0.003  0.006 -0.003
4.02 0.5  0.   0.45 0.5   0.098 0.5   0.526 0.162 0.511  1.    -0.002  0.001-0.002 -1.    -0.013 0.001  0.013 -1.     0.004  0.004 -0.001
4.03 0.5  0.   0.45 0.5   0.097 0.5   0.526 0.162 0.511  1.    -0.002  0.001-0.002 -1.    -0.013 0.001  0.013 -1.     0.006 -0.002  0.   
4.04 0.5  0.   0.45 0.5   0.096 0.5   0.526 0.162 0.512  1.    -0.002  0.002-0.002 -1.    -0.014 0.002  0.014 -1.     0.026 -0.05   0.012
4.05 0.5  0.   0.45 0.5   0.095 0.5   0.527 0.161 0.511  1.    -0.003  0.002-0.003 -1.    -0.014 0.002  0.014 -1.     0.021 -0.032 -0.009
4.06 0.5  0.   0.45 0.5   0.094 0.5   0.527 0.161 0.511  1.    -0.003  0.003-0.003 -1.    -0.015 0.003  0.015 -1.     0.016 -0.019  0.002
4.07 0.5  0.   0.45 0.5   0.093 0.5   0.527 0.161 0.512  1.    -0.003  0.003-0.003 -1.    -0.015 0.003  0.015 -1.     0.012 -0.011  0.006
4.08 0.5  0.   0.45 0.5   0.092 0.5   0.528 0.161 0.512  1.    -0.003  0.004-0.003 -1.    -0.016 0.004  0.016 -1.     0.011 -0.007  0.007
4.09 0.5  0.   0.45 0.5   0.091 0.5   0.528 0.161 0.512  1.    -0.003  0.004-0.003 -1.    -0.016 0.004  0.016 -1.     0.012 -0.008  0.007
4.1 0.5  0.   0.45 0.5  0.09 0.5  0.528 0.161 0.512  1.    -0.003  0.005-0.002 -1.    -0.016 0.005  0.016 -1.     0.013 -0.012  0.006
4.11 0.5  0.   0.45 0.5   0.089 0.5   0.528 0.16  0.511  1.    -0.002  0.004-0.002 -1.    -0.016 0.004  0.016 -1.     0.011 -0.01  -0.019
4.12 0.5  0.   0.45 0.5   0.088 0.5   0.529 0.16  0.512  1.    -0.003  0.005-0.003 -1.    -0.017 0.005  0.017 -1.     0.031 -0.055  0.011
4.13 0.5  0.   0.45 0.5   0.087 0.5   0.529 0.16  0.511  1.    -0.003  0.005-0.003 -1.    -0.018 0.005  0.017 -1.     0.022 -0.026 -0.011
4.14 0.5  0.   0.45 0.5   0.086 0.5   0.529 0.159 0.511  1.    -0.003  0.004-0.003 -1.    -0.018 0.004  0.018 -1.     0.01  -0.006 -0.024
4.15 0.5  0.   0.45 0.5   0.085 0.5   0.53  0.159 0.511  1.    -0.003  0.004-0.003 -1.    -0.018 0.004  0.018 -1.    0.008 0.004 0.001
4.16 0.5  0.   0.45 0.5   0.084 0.5   0.53 0.16 0.51  1.    -0.002  0.004-0.002 -1.    -0.018 0.004  0.018 -1.     0.004  0.01  -0.013
4.17 0.5  0.   0.45 0.5   0.083 0.5   0.53  0.16  0.511  1.    -0.002  0.005-0.002 -1.    -0.018 0.005  0.018 -1.    0.008 0.003 0.01 
4.18 0.5  0.   0.45 0.5   0.082 0.5   0.53 0.16 0.51  1.    -0.002  0.005-0.002 -1.    -0.018 0.005  0.018 -1.     0.008 -0.003 -0.008
4.19 0.5  0.   0.45 0.5   0.081 0.5   0.531 0.159 0.51   1.    -0.002  0.005-0.002 -1.    -0.019 0.005  0.019 -1.     0.028 -0.047 -0.003
4.2 0.5  0.   0.45 0.5  0.08 0.5  0.531 0.159 0.51   1.    -0.002  0.005-0.002 -1.    -0.019 0.005  0.019 -1.     0.022 -0.028 -0.007
4.21 0.5  0.   0.45 0.5   0.079 0.5   0.531 0.159 0.51   1.    -0.003  0.005-0.002 -1.    -0.02  0.005  0.02  -1.     0.013 -0.014 -0.013
4.22 0.5  0.   0.45 0.5   0.078 0.5   0.532 0.159 0.509  1.    -0.002  0.004-0.002 -1.    -0.02  0.004  0.02  -1.     0.011 -0.003 -0.021
4.23 0.5  0.   0.45 0.5   0.077 0.5   0.532 0.159 0.509  1.    -0.002  0.003-0.002 -1.    -0.02  0.003  0.02  -1.     0.009  0.003 -0.02 
4.24 0.5  0.   0.45 0.5   0.076 0.5   0.532 0.159 0.508  1.    -0.002  0.003-0.002 -1.    -0.019 0.003  0.019 -1.     0.011  0.001 -0.016
4.25 0.5  0.   0.45 0.5   0.075 0.5   0.533 0.158 0.508  1.    -0.002  0.003-0.002 -1.    -0.02  0.003  0.02  -1.     0.031 -0.045 -0.001
4.26 0.5  0.   0.45 0.5   0.074 0.5   0.533 0.158 0.509  1.    -0.002  0.005-0.002 -1.    -0.021 0.005  0.021 -1.     0.042 -0.047  0.021
4.27 0.5  0.   0.45 0.5   0.073 0.5   0.534 0.157 0.509  1.    -0.003  0.007-0.003 -1.    -0.022 0.007  0.022 -1.     0.045 -0.06   0.019
4.28 0.5  0.   0.45 0.5   0.072 0.5   0.535 0.157 0.51   1.    -0.004  0.009-0.004 -1.    -0.022 0.009  0.022 -1.     0.047 -0.068  0.013
4.29 0.5  0.   0.45 0.5   0.071 0.5   0.536 0.156 0.509  1.    -0.005  0.01 -0.005 -1.    -0.022 0.01   0.022 -1.     0.056 -0.075 -0.012
4.3 0.5  0.   0.45 0.5  0.07 0.5  0.537 0.155 0.509  1.    -0.006  0.01 -0.006 -1.    -0.022 0.01   0.022 -1.     0.059 -0.08  -0.023
4.31 0.5  0.   0.45 0.5   0.069 0.5   0.538 0.154 0.508  1.    -0.007  0.01 -0.006 -1.    -0.022 0.01   0.022 -1.     0.059 -0.081 -0.026
4.32 0.5  0.   0.45 0.5   0.068 0.5   0.539 0.154 0.508  1.    -0.007  0.01 -0.007 -1.    -0.022 0.01   0.022 -1.     0.057 -0.079 -0.024
4.33 0.5  0.   0.45 0.5   0.067 0.5   0.54  0.153 0.507  1.    -0.008  0.01 -0.008 -1.    -0.022 0.011  0.022 -1.     0.053 -0.073 -0.017
4.34 0.5  0.   0.45 0.5   0.066 0.5   0.541 0.152 0.507  1.    -0.009  0.011-0.008 -1.    -0.022 0.011  0.022 -1.     0.049 -0.066 -0.012
4.35 0.5  0.   0.45 0.5   0.065 0.5   0.542 0.151 0.507  1.    -0.009  0.011-0.009 -1.    -0.022 0.012  0.021 -1.     0.046 -0.059 -0.009
4.36 0.5  0.   0.45 0.5   0.064 0.5   0.543 0.151 0.506  1.    -0.009  0.012-0.009 -1.    -0.021 0.012  0.021 -1.     0.043 -0.054 -0.007
4.37 0.5  0.   0.45 0.5   0.063 0.5   0.544 0.15  0.506  1.    -0.009  0.013-0.009 -1.    -0.021 0.013  0.021 -1.     0.041 -0.051 -0.006
4.38 0.5  0.   0.45 0.5   0.062 0.5   0.544 0.149 0.506  1.    -0.009  0.014-0.009 -1.    -0.022 0.014  0.022 -1.     0.055 -0.085 -0.002
4.39 0.5  0.   0.45 0.5   0.061 0.5   0.546 0.148 0.506  1.    -0.01   0.014-0.01  -1.    -0.022 0.014  0.022 -1.     0.063 -0.074 -0.03 
4.4 0.5  0.   0.45 0.5  0.06 0.5  0.547 0.147 0.504  1.    -0.011  0.013-0.011 -1.    -0.022 0.013  0.022 -1.     0.075 -0.102 -0.061
4.41 0.5  0.   0.45 0.5   0.059 0.5   0.548 0.146 0.502  1.    -0.012  0.012-0.012 -1.    -0.022 0.012  0.022 -1.     0.086 -0.143 -0.075
4.42 0.5  0.   0.45 0.5   0.058 0.5   0.55  0.144 0.502  1.    -0.014  0.012-0.014 -1.    -0.022 0.012  0.022 -1.     0.096 -0.178 -0.036
4.43 0.5  0.   0.45 0.5   0.057 0.5   0.552 0.142 0.501  1.    -0.016  0.013-0.016 -1.    -0.022 0.013  0.022 -1.     0.095 -0.191 -0.005
4.44 0.5  0.   0.45 0.5   0.056 0.5   0.553 0.14  0.502  1.    -0.018  0.014-0.018 -1.    -0.022 0.014  0.022 -1.     0.088 -0.182  0.006
4.45 0.5  0.   0.45 0.5   0.055 0.5   0.554 0.138 0.502  1.    -0.02   0.015-0.02  -1.    -0.022 0.015  0.021 -1.     0.078 -0.155  0.008
4.46 0.5  0.   0.45 0.5   0.054 0.5   0.556 0.137 0.502  1.    -0.021  0.016-0.02  -1.    -0.021 0.016  0.021 -1.     0.065 -0.12   0.006
4.47 0.5  0.   0.45 0.5   0.053 0.5   0.557 0.135 0.502  1.    -0.021  0.016-0.02  -1.    -0.021 0.017  0.02  -1.     0.054 -0.086  0.003
4.48 0.5  0.   0.45 0.5   0.052 0.5   0.558 0.134 0.502  1.    -0.02   0.016-0.02 -1.   -0.02 0.017  0.02  -1.     0.046 -0.061  0.001
4.49 0.5  0.   0.45 0.5   0.051 0.5   0.559 0.134 0.502  1.    -0.019  0.017-0.019 -1.    -0.02  0.017  0.02  -1.     0.041 -0.048 -0.   
4.5 0.5  0.   0.45 0.5  0.05 0.5  0.559 0.133 0.502  1.    -0.018  0.017-0.018 -1.    -0.019 0.017  0.019 -1.     0.041 -0.048 -0.   
4.51 0.5  0.   0.45 0.5   0.049 0.5   0.56  0.132 0.502  1.    -0.018  0.017-0.017 -1.    -0.019 0.017  0.019 -1.     0.042 -0.057  0.   
4.52 0.5  0.   0.45 0.5   0.048 0.5   0.561 0.131 0.502  1.    -0.017  0.017-0.017 -1.    -0.019 0.017  0.019 -1.     0.045 -0.071  0.001
4.53 0.5  0.   0.45 0.5   0.047 0.5   0.562 0.13  0.502  1.    -0.017  0.017-0.017 -1.    -0.019 0.017  0.018 -1.     0.048 -0.084  0.001
4.54 0.5  0.   0.45 0.5   0.046 0.5   0.563 0.129 0.502  1.    -0.017  0.018-0.016 -1.    -0.019 0.018  0.018 -1.     0.037 -0.075  0.008
4.55 0.5  0.   0.45 0.5   0.045 0.5   0.563 0.129 0.502  1.    -0.017  0.018-0.016 -1.    -0.019 0.018  0.018 -1.     0.029 -0.056  0.008
4.56 0.5  0.   0.45 0.5   0.044 0.5   0.564 0.128 0.502  1.    -0.016  0.019-0.016 -1.    -0.019 0.019  0.018 -1.     0.021 -0.034  0.007
4.57 0.5  0.   0.45 0.5   0.043 0.5   0.564 0.127 0.502  1.    -0.015  0.019-0.015 -1.    -0.019 0.019  0.018 -1.     0.017 -0.017  0.006
4.58 0.5  0.   0.45 0.5   0.042 0.5   0.564 0.127 0.502  1.    -0.014  0.019-0.014 -1.    -0.019 0.02   0.019 -1.     0.014 -0.008  0.006
4.59 0.5  0.   0.45 0.5   0.041 0.5   0.565 0.127 0.503  1.    -0.013  0.02 -0.012 -1.    -0.019 0.02   0.019 -1.     0.015 -0.009  0.006
4.6 0.5  0.   0.45 0.5  0.04 0.5  0.565 0.127 0.503  1.    -0.012  0.02 -0.012 -1.    -0.019 0.02   0.019 -1.     0.017 -0.016  0.007
4.61 0.5  0.   0.45 0.5   0.039 0.5   0.566 0.126 0.503  1.    -0.011  0.021-0.011 -1.    -0.019 0.021  0.019 -1.     0.02  -0.028  0.007
4.62 0.5  0.   0.45 0.5   0.038 0.5   0.566 0.126 0.503  1.    -0.011  0.021-0.01 -1.   -0.02 0.021  0.02  -1.     0.023 -0.039  0.008
4.63 0.5  0.   0.45 0.5   0.037 0.5   0.566 0.125 0.503  1.    -0.011  0.021-0.01 -1.   -0.02 0.022  0.02  -1.     0.026 -0.048  0.007
4.64 0.5  0.   0.45 0.5   0.036 0.5   0.567 0.125 0.503  1.    -0.011  0.022-0.01 -1.   -0.02 0.022  0.02  -1.     0.027 -0.053  0.007
4.65 0.5  0.   0.45 0.5   0.035 0.5   0.567 0.124 0.503  1.    -0.011  0.022-0.01  -1.    -0.021 0.022  0.02  -1.     0.027 -0.053  0.006
4.66 0.5  0.   0.45 0.5   0.034 0.5   0.568 0.123 0.503  1.    -0.011  0.022-0.01  -1.    -0.021 0.022  0.021 -1.     0.026 -0.051  0.006
4.67 0.5  0.   0.45 0.5   0.033 0.5   0.568 0.123 0.504  1.    -0.011  0.022-0.01  -1.    -0.021 0.023  0.021 -1.     0.026 -0.047  0.005
4.68 0.5  0.   0.45 0.5   0.032 0.5   0.569 0.122 0.504  1.    -0.011  0.023-0.01  -1.    -0.021 0.023  0.021 -1.     0.025 -0.043  0.005
4.69 0.5  0.   0.45 0.5   0.031 0.5   0.569 0.122 0.504  1.    -0.01   0.023-0.01  -1.    -0.022 0.023  0.021 -1.     0.024 -0.041  0.004
4.7 0.5  0.   0.45 0.5  0.03 0.5  0.57  0.121 0.504  1.    -0.01   0.023-0.01  -1.    -0.022 0.023  0.022 -0.999  0.024 -0.04   0.004
4.71 0.5  0.   0.45 0.5   0.029 0.5   0.571 0.12  0.504  1.    -0.01   0.025-0.01  -1.    -0.023 0.025  0.022 -0.999  0.042 -0.079  0.023
4.72 0.5  0.   0.45 0.5   0.028 0.5   0.572 0.119 0.505  1.    -0.011  0.027-0.011 -1.    -0.024 0.027  0.023 -0.999  0.059 -0.134  0.032
4.73 0.5  0.   0.45 0.5   0.027 0.5   0.573 0.118 0.506  0.999 -0.014  0.03 -0.013 -1.    -0.025 0.03   0.024 -0.999  0.072 -0.185  0.034
4.74 0.5  0.   0.45 0.5   0.026 0.5   0.574 0.115 0.506  0.999 -0.016  0.033-0.015 -1.    -0.026 0.033  0.025 -0.999  0.079 -0.218  0.033
4.75 0.5  0.   0.45 0.5   0.025 0.5   0.575 0.113 0.507  0.999 -0.019  0.035-0.018 -0.999 -0.026 0.036  0.026 -0.999  0.081 -0.228  0.03 
4.76 0.5  0.   0.45 0.5   0.024 0.5   0.577 0.11  0.508  0.999 -0.022  0.037-0.021 -0.999 -0.027 0.038  0.026 -0.999  0.074 -0.209  0.023
4.77 0.5  0.   0.45 0.5   0.023 0.5   0.578 0.108 0.508  0.999 -0.023  0.039-0.022 -0.999 -0.026 0.04   0.025 -0.999  0.06  -0.186  0.027
4.78 0.5  0.   0.45 0.5   0.022 0.5   0.579 0.106 0.509  0.999 -0.024  0.042-0.023 -0.999 -0.024 0.042  0.023 -0.999  0.052 -0.156  0.028
4.79 0.5  0.   0.45 0.5   0.021 0.5   0.579 0.104 0.51   0.999 -0.024  0.044-0.023 -0.999 -0.022 0.044  0.021 -0.999  0.046 -0.134  0.027
4.8 0.5  0.   0.45 0.5  0.02 0.5  0.58  0.102 0.51   0.999 -0.023  0.046-0.022 -1.    -0.02  0.047  0.019 -0.999  0.044 -0.123  0.025
4.81 0.5  0.   0.45 0.5   0.019 0.5   0.581 0.101 0.511  0.999 -0.023  0.048-0.022 -1.    -0.018 0.049  0.017 -0.999  0.044 -0.125  0.024
4.82 0.5  0.   0.45 0.5   0.018 0.5   0.582 0.099 0.511  0.999 -0.022  0.05 -0.022 -1.    -0.016 0.05   0.015 -0.999  0.044 -0.134  0.019
4.83 0.5  0.   0.45 0.5   0.017 0.5   0.583 0.097 0.511  0.998 -0.022  0.051-0.022 -1.    -0.015 0.051  0.013 -0.999  0.045 -0.146  0.016
4.84 0.5  0.   0.45 0.5   0.016 0.5   0.583 0.095 0.512  0.998 -0.022  0.052-0.022 -1.    -0.013 0.053  0.012 -0.999  0.046 -0.158  0.014
4.85 0.5  0.   0.45 0.5   0.015 0.5   0.584 0.093 0.512  0.998 -0.023  0.053-0.022 -1.    -0.011 0.054  0.01  -0.999  0.047 -0.166  0.013
4.86 0.5  0.   0.45 0.5   0.014 0.5   0.585 0.091 0.512  0.998 -0.023  0.054-0.023 -1.    -0.01  0.054  0.008 -0.998  0.047 -0.169  0.012
4.87 0.5  0.   0.45 0.5   0.013 0.5   0.586 0.089 0.513  0.998 -0.024  0.055-0.023 -1.    -0.008 0.055  0.007 -0.998  0.046 -0.168  0.011
4.88 0.5  0.   0.45 0.5   0.012 0.5   0.587 0.087 0.513  0.998 -0.024  0.056-0.024 -1.    -0.007 0.056  0.006 -0.998  0.045 -0.165  0.011
4.89 0.5  0.   0.45 0.5   0.011 0.5   0.587 0.085 0.513  0.998 -0.024  0.056-0.024 -1.    -0.006 0.056  0.004 -0.998  0.044 -0.161  0.01 
4.9 0.5  0.   0.45 0.5  0.01 0.5  0.588 0.083 0.513  0.998 -0.025  0.057-0.025 -1.    -0.005 0.057  0.003 -0.998  0.043 -0.158  0.009
4.91 0.5  0.   0.45 0.5   0.009 0.5   0.589 0.081 0.513  0.998 -0.025  0.057-0.025 -1.    -0.004 0.057  0.002 -0.998  0.042 -0.156  0.009
4.92 0.5  0.   0.45 0.5   0.008 0.5   0.59  0.079 0.514  0.998 -0.025  0.058-0.025 -1.    -0.003 0.058  0.001 -0.998  0.041 -0.155  0.008
4.93 0.5  0.   0.45 0.5   0.007 0.5   0.59  0.077 0.514  0.998 -0.025  0.058-0.025 -1.    -0.002 0.058  0.    -0.998  0.041 -0.155  0.008
4.94 0.5  0.   0.45 0.5   0.006 0.5   0.591 0.075 0.514  0.998 -0.026  0.059-0.026 -1.    -0.001 0.059 -0.001 -0.998  0.04  -0.156  0.008
4.95 0.5  0.   0.45 0.5   0.005 0.5   0.592 0.073 0.514  0.998 -0.026  0.059-0.026 -1.     0.    0.059 -0.002 -0.998  0.039 -0.157  0.007
4.96 0.5  0.   0.45 0.5   0.004 0.5   0.592 0.071 0.514  0.998 -0.026  0.059-0.026 -1.     0.001 0.059 -0.002 -0.998  0.039 -0.158  0.007
4.97 0.5  0.   0.45 0.5   0.003 0.5   0.593 0.069 0.514  0.998 -0.026  0.059-0.027 -1.     0.002 0.059 -0.003 -0.998  0.038 -0.158  0.003
4.98 0.5  0.   0.45 0.5   0.002 0.5   0.594 0.067 0.514  0.998 -0.027  0.059-0.027 -1.     0.002 0.059 -0.004 -0.998  0.037 -0.158  0.002
4.99 0.5  0.   0.45 0.5   0.001 0.5   0.594 0.065 0.514  0.998 -0.027  0.059-0.027 -1.     0.003 0.059 -0.005 -0.998  0.036 -0.153 -0.001
5.0 0.5  0.   0.45 0.5 0.  0.5 0.595 0.063 0.514  0.998 -0.027  0.059-0.027 -1.     0.004 0.059 -0.005 -0.998  0.034 -0.144 -0.002
5.01 0.5  0.   0.45  0.5   -0.001  0.5   0.596 0.061 0.514  0.998 -0.027  0.059-0.027 -1.     0.004 0.058 -0.006 -0.998  0.034 -0.139 -0.007
5.02 0.5  0.   0.45  0.5   -0.002  0.5   0.596 0.059 0.514  0.998 -0.027  0.058-0.027 -1.     0.004 0.058 -0.006 -0.998  0.032 -0.142 -0.007
5.03 0.5  0.   0.45  0.5   -0.003  0.5   0.597 0.057 0.513  0.998 -0.027  0.058-0.028 -1.     0.004 0.058 -0.006 -0.998  0.031 -0.151 -0.006
5.04 0.5  0.   0.45  0.5   -0.004  0.5   0.597 0.055 0.513  0.998 -0.028  0.058-0.028 -1.     0.004 0.058 -0.006 -0.998  0.03  -0.16  -0.005
5.05 0.5  0.   0.45  0.5   -0.005  0.5   0.598 0.053 0.513  0.998 -0.029  0.058-0.029 -1.     0.004 0.058 -0.005 -0.998  0.03  -0.166 -0.005
5.06 0.5  0.   0.45  0.5   -0.006  0.5   0.598 0.051 0.513  0.998 -0.029  0.058-0.03  -1.     0.003 0.058 -0.005 -0.998  0.029 -0.168 -0.004
5.07 0.5  0.   0.45  0.5   -0.007  0.5   0.599 0.049 0.513  0.998 -0.03   0.058-0.03  -1.     0.003 0.058 -0.005 -0.998  0.028 -0.166 -0.004
5.08 0.5  0.   0.45  0.5   -0.008  0.5   0.599 0.047 0.513  0.998 -0.031  0.058-0.031 -1.     0.003 0.058 -0.005 -0.998  0.027 -0.162 -0.003
5.09 0.5  0.   0.45  0.5   -0.009  0.5   0.6   0.045 0.513  0.998 -0.031  0.058-0.031 -1.     0.003 0.058 -0.005 -0.998  0.026 -0.158 -0.003
5.1 0.5  0.   0.45  0.5  -0.01  0.5  0.6   0.043 0.513  0.998 -0.031  0.058-0.032 -0.999  0.003 0.058 -0.005 -0.998  0.025 -0.155 -0.003
5.11 0.5  0.   0.45  0.5   -0.011  0.5   0.601 0.041 0.513  0.998 -0.032  0.058-0.032 -0.999  0.003 0.058 -0.005 -0.998  0.024 -0.153 -0.003
5.12 0.5  0.   0.45  0.5   -0.012  0.5   0.601 0.039 0.512  0.998 -0.032  0.058-0.032 -0.999  0.003 0.058 -0.005 -0.998  0.023 -0.152 -0.003
5.13 0.5  0.   0.45  0.5   -0.013  0.5   0.602 0.037 0.512  0.998 -0.032  0.059-0.032 -0.999  0.003 0.058 -0.005 -0.998  0.022 -0.153 -0.003
5.14 0.5  0.   0.45  0.5   -0.014  0.5   0.602 0.035 0.512  0.998 -0.032  0.059-0.032 -0.999  0.003 0.059 -0.005 -0.998  0.022 -0.153 -0.003
5.15 0.5  0.   0.45  0.5   -0.015  0.5   0.603 0.033 0.512  0.998 -0.032  0.059-0.032 -0.999  0.003 0.059 -0.005 -0.998  0.021 -0.154 -0.002
5.16 0.5  0.   0.45  0.5   -0.016  0.5   0.603 0.031 0.512  0.998 -0.032  0.059-0.032 -0.999  0.003 0.059 -0.005 -0.998  0.021 -0.155 -0.002
5.17 0.5  0.   0.45  0.5   -0.017  0.5   0.603 0.029 0.512  0.998 -0.032  0.059-0.033 -0.999  0.003 0.059 -0.005 -0.998  0.02  -0.155 -0.002
5.18 0.5  0.   0.45  0.5   -0.018  0.5   0.604 0.027 0.511  0.998 -0.033  0.058-0.033 -0.999  0.003 0.058 -0.005 -0.998  0.013 -0.155 -0.025
5.19 0.5  0.   0.45  0.5   -0.019  0.5   0.604 0.025 0.511  0.998 -0.033  0.057-0.033 -0.999  0.002 0.057 -0.004 -0.998  0.011 -0.158 -0.023
5.2 0.5  0.   0.45  0.5  -0.02  0.5  0.604 0.023 0.51   0.998 -0.034  0.056-0.034 -0.999  0.002 0.056 -0.003 -0.998  0.01  -0.16  -0.022
5.21 0.5  0.   0.45  0.5   -0.021  0.5   0.604 0.021 0.51   0.998 -0.034  0.055-0.035 -0.999  0.001 0.055 -0.003 -0.998  0.009 -0.161 -0.02 
5.22 0.5  0.   0.45  0.5   -0.022  0.5   0.604 0.019 0.509  0.998 -0.035  0.054-0.035 -0.999  0.    0.054 -0.002 -0.999  0.007 -0.16  -0.018
5.23 0.5  0.   0.45  0.5   -0.023  0.5   0.604 0.017 0.509  0.998 -0.035  0.054-0.035 -0.999  0.    0.054 -0.002 -0.999  0.006 -0.158 -0.017
5.24 0.5  0.   0.45  0.5   -0.024  0.5   0.604 0.015 0.508  0.998 -0.036  0.053-0.036 -0.999 -0.    0.053 -0.002 -0.999  0.005 -0.156 -0.015
5.25 0.5  0.   0.45  0.5   -0.025  0.5   0.605 0.013 0.508  0.998 -0.036  0.053-0.036 -0.999 -0.001 0.053 -0.001 -0.999  0.004 -0.153 -0.014
5.26 0.5  0.   0.45  0.5   -0.026  0.5   0.605 0.011 0.508  0.998 -0.036  0.053-0.036 -0.999 -0.001 0.053 -0.001 -0.999  0.003 -0.152 -0.013
5.27 0.5  0.   0.45  0.5   -0.027  0.5   0.605 0.009 0.507  0.998 -0.036  0.052-0.036 -0.999 -0.001 0.052 -0.001 -0.999  0.005 -0.152 -0.019
5.28 0.5  0.   0.45  0.5   -0.028  0.5   0.605 0.007 0.507  0.998 -0.036  0.051-0.036 -0.999 -0.001 0.051 -0.001 -0.999  0.004 -0.152 -0.024
5.29 0.5  0.   0.45  0.5   -0.029  0.5   0.605 0.005 0.506  0.998 -0.037  0.05 -0.037 -0.999 -0.001 0.05  -0.    -0.999  0.003 -0.152 -0.023
5.3 0.5  0.   0.45  0.5  -0.03  0.5  0.605 0.003 0.506  0.998 -0.037  0.049-0.037 -0.999 -0.001 0.049 -0.    -0.999  0.002 -0.152 -0.022
5.31 0.5  0.   0.45  0.5   -0.031  0.5   0.605 0.001 0.505  0.998 -0.037  0.049-0.037 -0.999 -0.001 0.049 -0.    -0.999  0.001 -0.152 -0.021
5.32 0.5  0.   0.45  0.5   -0.032  0.5    0.605 -0.001  0.505  0.998 -0.037  0.048-0.037 -0.999 -0.001 0.048 -0.    -0.999  0.    -0.152 -0.02 
5.33 0.5  0.   0.45  0.5   -0.033  0.5    0.605 -0.003  0.504  0.998 -0.037  0.047-0.037 -0.999 -0.001 0.047 -0.    -0.999 -0.001 -0.152 -0.019
5.34 0.5  0.   0.45  0.5   -0.034  0.5    0.605 -0.005  0.504  0.998 -0.037  0.047-0.037 -0.999 -0.001 0.047 -0.    -0.999 -0.001 -0.152 -0.017
5.35 0.5  0.   0.45  0.5   -0.035  0.5    0.605 -0.007  0.503  0.998 -0.037  0.046-0.037 -0.999 -0.001 0.046 -0.001 -0.999 -0.002 -0.151 -0.016
5.36 0.5  0.   0.45  0.5   -0.036  0.5    0.605 -0.009  0.503  0.998 -0.037  0.046-0.037 -0.999 -0.001 0.046 -0.001 -0.999 -0.003 -0.151 -0.015
5.37 0.5  0.   0.45  0.5   -0.037  0.5    0.605 -0.011  0.502  0.998 -0.037  0.046-0.037 -0.999 -0.001 0.046 -0.001 -0.999 -0.004 -0.151 -0.015
5.38 0.5  0.   0.45  0.5   -0.038  0.5    0.605 -0.013  0.502  0.998 -0.036  0.045-0.036 -0.999 -0.    0.045 -0.001 -0.999 -0.01  -0.151 -0.024
5.39 0.5  0.   0.45  0.5   -0.039  0.5    0.604 -0.015  0.501  0.998 -0.036  0.044-0.036 -0.999  0.    0.044 -0.002 -0.999 -0.013 -0.149 -0.025
5.4 0.5  0.   0.45  0.5  -0.04  0.5   0.604 -0.017  0.501  0.998 -0.036  0.043-0.036 -0.999  0.001 0.043 -0.003 -0.999 -0.015 -0.148 -0.025
5.41 0.5  0.   0.45  0.5   -0.041  0.5    0.604 -0.019  0.5    0.998 -0.036  0.042-0.036 -0.999  0.002 0.042 -0.004 -0.999 -0.016 -0.148 -0.022
5.42 0.5  0.   0.45  0.5   -0.042  0.5    0.604 -0.021  0.5    0.999 -0.036  0.041-0.036 -0.999  0.003 0.041 -0.005 -0.999 -0.018 -0.148 -0.017
5.43 0.5  0.   0.45  0.5   -0.043  0.5    0.603 -0.023  0.499  0.999 -0.035  0.041-0.036 -0.999  0.004 0.041 -0.005 -0.999 -0.019 -0.149 -0.012
5.44 0.5  0.   0.45  0.5   -0.044  0.5    0.603 -0.025  0.499  0.999 -0.035  0.041-0.036 -0.999  0.005 0.04  -0.006 -0.999 -0.021 -0.151 -0.007
5.45 0.5  0.   0.45  0.5   -0.045  0.5    0.602 -0.027  0.499  0.999 -0.035  0.041-0.036 -0.999  0.005 0.04  -0.007 -0.999 -0.024 -0.152 -0.001
5.46 0.5  0.   0.45  0.5   -0.046  0.5    0.602 -0.029  0.499  0.999 -0.035  0.041-0.036 -0.999  0.006 0.04  -0.007 -0.999 -0.025 -0.153  0.002
5.47 0.5  0.   0.45  0.5   -0.047  0.5    0.601 -0.031  0.499  0.999 -0.035  0.041-0.036 -0.999  0.007 0.04  -0.008 -0.999 -0.027 -0.153  0.002
5.48 0.5  0.   0.45  0.5   -0.048  0.5    0.601 -0.033  0.499  0.999 -0.035  0.04 -0.036 -0.999  0.008 0.04  -0.009 -0.999 -0.036 -0.153 -0.003
5.49 0.5  0.   0.45  0.5   -0.049  0.5    0.6   -0.035  0.499  0.999 -0.035  0.039-0.035 -0.999  0.009 0.039 -0.01  -0.999 -0.037 -0.152 -0.   
5.5 0.5  0.   0.45  0.5  -0.05  0.5   0.599 -0.037  0.499  0.999 -0.035  0.039-0.035 -0.999  0.01  0.038 -0.011 -0.999 -0.038 -0.151  0.001
5.51 0.5  0.   0.45  0.5   -0.051  0.5    0.598 -0.039  0.499  0.999 -0.035  0.038-0.035 -0.999  0.011 0.038 -0.012 -0.999 -0.039 -0.15   0.004
5.52 0.5  0.   0.45  0.5   -0.052  0.5    0.597 -0.041  0.499  0.999 -0.035  0.037-0.035 -0.999  0.012 0.037 -0.013 -0.999 -0.04  -0.151  0.005
5.53 0.5  0.   0.45  0.5   -0.053  0.5    0.597 -0.043  0.499  0.999 -0.035  0.037-0.035 -0.999  0.012 0.036 -0.014 -0.999 -0.04  -0.152  0.006
5.54 0.5  0.   0.45  0.5   -0.054  0.5    0.596 -0.045  0.499  0.999 -0.035  0.036-0.035 -0.999  0.013 0.036 -0.014 -0.999 -0.041 -0.153  0.006
5.55 0.5  0.   0.45  0.5   -0.055  0.5    0.595 -0.047  0.499  0.999 -0.035  0.036-0.035 -0.999  0.014 0.035 -0.015 -0.999 -0.042 -0.154  0.006
5.56 0.5  0.   0.45  0.5   -0.056  0.5    0.594 -0.049  0.499  0.999 -0.035  0.035-0.035 -0.999  0.014 0.035 -0.016 -0.999 -0.042 -0.154  0.006
5.57 0.5  0.   0.45  0.5   -0.057  0.5    0.593 -0.051  0.499  0.999 -0.035  0.034-0.035 -0.999  0.015 0.034 -0.016 -0.999 -0.043 -0.155  0.005
5.58 0.5  0.   0.45  0.5   -0.058  0.5    0.593 -0.053  0.499  0.999 -0.035  0.034-0.036 -0.999  0.016 0.033 -0.017 -0.999 -0.043 -0.155  0.005
5.59 0.5  0.   0.45  0.5   -0.059  0.5    0.592 -0.055  0.499  0.999 -0.035  0.033-0.036 -0.999  0.016 0.033 -0.017 -0.999 -0.044 -0.155  0.005
5.6 0.5  0.   0.45  0.5  -0.06  0.5   0.591 -0.057  0.499  0.999 -0.035  0.033-0.036 -0.999  0.017 0.032 -0.018 -0.999 -0.044 -0.155  0.005
5.61 0.5  0.   0.45  0.5   -0.061  0.5    0.59  -0.059  0.499  0.999 -0.035  0.032-0.036 -0.999  0.017 0.032 -0.018 -0.999 -0.045 -0.155  0.006
5.62 0.5  0.   0.45  0.5   -0.062  0.5    0.589 -0.061  0.499  0.999 -0.036  0.032-0.036 -0.999  0.017 0.031 -0.018 -0.999 -0.046 -0.155  0.006
5.63 0.5  0.   0.45  0.5   -0.063  0.5    0.588 -0.063  0.499  0.999 -0.036  0.029-0.036 -0.999  0.018 0.029 -0.019 -0.999 -0.059 -0.155 -0.01 
5.64 0.5  0.   0.45  0.5   -0.064  0.5    0.587 -0.065  0.499  0.999 -0.036  0.027-0.036 -0.999  0.018 0.026 -0.019 -0.999 -0.062 -0.156 -0.009
5.65 0.5  0.   0.45  0.5   -0.065  0.5    0.586 -0.067  0.499  0.999 -0.036  0.025-0.037 -0.999  0.018 0.024 -0.019 -1.    -0.064 -0.158 -0.004
5.66 0.5  0.   0.45  0.5   -0.066  0.5    0.584 -0.069  0.499  0.999 -0.036  0.023-0.037 -0.999  0.018 0.022 -0.019 -1.    -0.066 -0.159  0.002
5.67 0.5  0.   0.45  0.5   -0.067  0.5    0.583 -0.071  0.499  0.999 -0.037  0.021-0.037 -0.999  0.018 0.02  -0.019 -1.    -0.068 -0.159  0.008
5.68 0.5  0.   0.45  0.5   -0.068  0.5    0.582 -0.073  0.499  0.999 -0.037  0.019-0.037 -0.999  0.018 0.019 -0.019 -1.    -0.069 -0.159  0.012
5.69 0.5  0.   0.45  0.5   -0.069  0.5    0.58  -0.075  0.499  0.999 -0.037  0.018-0.037 -0.999  0.018 0.017 -0.019 -1.    -0.07  -0.158  0.015
5.7 0.5  0.   0.45  0.5  -0.07  0.5   0.579 -0.077  0.5    0.999 -0.037  0.016-0.038 -0.999  0.018 0.016 -0.019 -1.    -0.071 -0.158  0.016
5.71 0.5  0.   0.45  0.5   -0.071  0.5    0.578 -0.079  0.5    0.999 -0.037  0.015-0.038 -0.999  0.018 0.014 -0.019 -1.    -0.071 -0.157  0.017
5.72 0.5  0.   0.45  0.5   -0.072  0.5    0.576 -0.081  0.5    0.999 -0.037  0.014-0.038 -0.999  0.018 0.013 -0.019 -1.    -0.063 -0.157  0.005
5.73 0.5  0.   0.45  0.5   -0.073  0.5    0.575 -0.083  0.5    0.999 -0.038  0.012-0.038 -0.999  0.018 0.011 -0.019 -1.    -0.062 -0.156  0.002
5.74 0.5  0.   0.45  0.5   -0.074  0.5    0.574 -0.085  0.5    0.999 -0.038  0.011-0.038 -0.999  0.018 0.01  -0.018 -1.    -0.062 -0.154  0.003
5.75 0.5  0.   0.45  0.5   -0.075  0.5    0.573 -0.087  0.5    0.999 -0.038  0.009-0.038 -0.999  0.018 0.009 -0.018 -1.    -0.06  -0.147  0.006
5.76 0.5  0.   0.45  0.5   -0.076  0.5    0.572 -0.089  0.5    0.999 -0.037  0.008-0.038 -0.999  0.018 0.008 -0.018 -1.    -0.067 -0.133  0.023
5.77 0.5  0.   0.45  0.5   -0.077  0.5    0.57  -0.09   0.501  0.999 -0.037  0.008-0.037 -0.999  0.018 0.007 -0.018 -1.    -0.067 -0.121  0.03 
5.78 0.5  0.   0.45  0.5   -0.078  0.5    0.569 -0.092  0.502  0.999 -0.036  0.007-0.037 -0.999  0.018 0.007 -0.018 -1.    -0.066 -0.111  0.032
5.79 0.5  0.   0.45  0.5   -0.079  0.5    0.568 -0.093  0.502  0.999 -0.036  0.007-0.036 -0.999  0.017 0.006 -0.018 -1.    -0.063 -0.103  0.03 
5.8 0.5  0.   0.45  0.5  -0.08  0.5   0.566 -0.095  0.503  0.999 -0.035  0.006-0.035 -0.999  0.017 0.005 -0.017 -1.    -0.061 -0.098  0.027
5.81 0.5  0.   0.45  0.5   -0.081  0.5    0.565 -0.096  0.504  0.999 -0.034  0.005-0.034 -0.999  0.017 0.005 -0.017 -1.    -0.066 -0.089  0.029
5.82 0.5  0.   0.45  0.5   -0.082  0.5    0.564 -0.097  0.504  0.999 -0.033  0.004-0.033 -0.999  0.016 0.004 -0.016 -1.    -0.067 -0.084  0.028
5.83 0.5  0.   0.45  0.5   -0.083  0.5    0.562 -0.098  0.505  0.999 -0.033  0.003-0.033 -0.999  0.016 0.003 -0.016 -1.    -0.066 -0.081  0.026
5.84 0.5  0.   0.45  0.5   -0.084  0.5    0.561 -0.099  0.505  0.999 -0.032  0.002-0.032 -0.999  0.015 0.002 -0.015 -1.    -0.065 -0.079  0.024
5.85 0.5  0.   0.45  0.5   -0.085  0.5    0.56  -0.1    0.506  1.    -0.031  0.001-0.031 -0.999  0.015 0.001 -0.015 -1.    -0.064 -0.078  0.021
5.86 0.5  0.   0.45  0.5   -0.086  0.5    0.558 -0.101  0.506  1.   -0.03  0.  -0.03  -0.999  0.014 0.    -0.014 -1.    -0.062 -0.077  0.019
5.87 0.5  0.   0.45  0.5   -0.087  0.5    0.557 -0.102  0.507  1.    -0.029  0.001-0.029 -0.999  0.014 0.    -0.014 -1.    -0.052 -0.088  0.031
5.88 0.5  0.   0.45  0.5   -0.088  0.5    0.556 -0.103  0.507  1.    -0.029  0.001-0.029 -0.999  0.014 0.001 -0.014 -1.    -0.048 -0.087  0.027
5.89 0.5  0.   0.45  0.5   -0.089  0.5    0.556 -0.105  0.508  1.    -0.028  0.002-0.028 -1.     0.014 0.001 -0.014 -1.    -0.045 -0.079  0.021
5.9 0.5  0.   0.45  0.5  -0.09  0.5   0.555 -0.106  0.508  1.    -0.028  0.002-0.028 -1.     0.014 0.002 -0.014 -1.    -0.041 -0.07   0.015
5.91 0.5  0.   0.45  0.5   -0.091  0.5    0.554 -0.107  0.508  1.    -0.027  0.002-0.027 -1.     0.013 0.002 -0.013 -1.    -0.039 -0.063  0.011
5.92 0.5  0.   0.45  0.5   -0.092  0.5    0.553 -0.107  0.508  1.    -0.026  0.002-0.026 -1.     0.013 0.001 -0.013 -1.    -0.037 -0.058  0.007
5.93 0.5  0.   0.45  0.5   -0.093  0.5    0.553 -0.108  0.508  1.    -0.025  0.002-0.025 -1.     0.013 0.001 -0.013 -1.    -0.037 -0.058  0.004
5.94 0.5  0.   0.45  0.5   -0.094  0.5    0.552 -0.109  0.508  1.    -0.025  0.001-0.025 -1.     0.013 0.001 -0.013 -1.    -0.037 -0.061  0.002
5.95 0.5  0.   0.45  0.5   -0.095  0.5    0.551 -0.11   0.508  1.    -0.024  0.001-0.024 -1.     0.012 0.001 -0.012 -1.    -0.038 -0.065  0.001
5.96 0.5  0.   0.45  0.5   -0.096  0.5    0.55  -0.111  0.508  1.    -0.024  0.   -0.024 -1.     0.012 0.    -0.012 -1.    -0.039 -0.069  0.001
5.97 0.5  0.   0.45  0.5   -0.097  0.5    0.55  -0.112  0.508  1.    -0.023  0.   -0.023 -1.     0.012-0.    -0.012 -1.    -0.039 -0.071  0.001
5.98 0.5  0.   0.45  0.5   -0.098  0.5    0.549 -0.113  0.508  1.    -0.023 -0.   -0.023 -1.     0.011-0.001 -0.011 -1.    -0.044 -0.07   0.005
5.99 0.5  0.   0.45  0.5   -0.099  0.5    0.548 -0.114  0.508  1.    -0.023 -0.001-0.023 -1.     0.011-0.001 -0.011 -1.    -0.046 -0.068  0.007
6.0 0.5  0.   0.45  0.5 -0.1  0.5  0.547 -0.114  0.508  1.    -0.022 -0.001-0.022 -1.     0.011-0.001 -0.011 -1.    -0.048 -0.066  0.008
6.01 0.5  0.   0.45  0.5   -0.101  0.5    0.546 -0.115  0.509  1.    -0.022 -0.002-0.022 -1.     0.01 -0.002 -0.01  -1.    -0.048 -0.065  0.008
6.02 0.5  0.   0.45  0.5   -0.102  0.5    0.545 -0.116  0.509  1.    -0.022 -0.002-0.022 -1.     0.01 -0.002 -0.01  -1.    -0.047 -0.063  0.007
6.03 0.5  0.   0.45  0.5   -0.103  0.5    0.544 -0.117  0.509  1.    -0.021 -0.003-0.021 -1.     0.01 -0.003 -0.01  -1.    -0.05  -0.061  0.001
6.04 0.5  0.   0.45  0.5   -0.104  0.5    0.543 -0.118  0.509  1.    -0.021 -0.004-0.021 -1.     0.009-0.004 -0.009 -1.    -0.05  -0.059  0.   
6.05 0.5  0.   0.45  0.5   -0.105  0.5    0.542 -0.118  0.509  1.    -0.021 -0.005-0.021 -1.     0.009-0.005 -0.009 -1.    -0.05  -0.057  0.001
6.06 0.5  0.   0.45  0.5   -0.106  0.5    0.541 -0.119  0.509  1.    -0.02  -0.006-0.02  -1.     0.008-0.006 -0.008 -1.    -0.049 -0.055  0.003
6.07 0.5  0.   0.45  0.5   -0.107  0.5    0.54  -0.12   0.509  1.    -0.02  -0.007-0.02  -1.     0.008-0.007 -0.008 -1.    -0.047 -0.051  0.004
6.08 0.5  0.   0.45  0.5   -0.108  0.5    0.539 -0.12   0.509  1.    -0.02  -0.008-0.019 -1.     0.008-0.008 -0.007 -1.    -0.045 -0.047  0.005
6.09 0.5  0.   0.45  0.5   -0.109  0.5    0.538 -0.121  0.509  1.    -0.019 -0.008-0.019 -1.     0.007-0.008 -0.007 -1.    -0.044 -0.044  0.006
6.1 0.5  0.   0.45  0.5  -0.11  0.5   0.538 -0.122  0.509  1.    -0.019 -0.009-0.018 -1.     0.007-0.009 -0.007 -1.    -0.043 -0.042  0.006
6.11 0.5  0.   0.45  0.5   -0.111  0.5    0.537 -0.122  0.509  1.    -0.018 -0.009-0.018 -1.     0.007-0.009 -0.006 -1.    -0.042 -0.04   0.005
6.12 0.5  0.   0.45  0.5   -0.112  0.5    0.536 -0.123  0.509  1.    -0.018 -0.01 -0.017 -1.     0.006-0.01  -0.006 -1.    -0.041 -0.04   0.005
6.13 0.5  0.   0.45  0.5   -0.113  0.5    0.535 -0.123  0.509  1.    -0.017 -0.01 -0.017 -1.     0.006-0.01  -0.006 -1.    -0.04  -0.04   0.004
6.14 0.5  0.   0.45  0.5   -0.114  0.5    0.534 -0.124  0.509  1.    -0.017 -0.011-0.017 -1.     0.006-0.011 -0.005 -1.    -0.04  -0.041  0.003
6.15 0.5  0.   0.45  0.5   -0.115  0.5    0.533 -0.124  0.509  1.    -0.016 -0.011-0.016 -1.     0.005-0.011 -0.005 -1.    -0.039 -0.041  0.003
6.16 0.5  0.   0.45  0.5   -0.116  0.5    0.533 -0.125  0.509  1.    -0.016 -0.012-0.016 -1.     0.005-0.012 -0.005 -1.    -0.039 -0.041  0.002
6.17 0.5  0.   0.45  0.5   -0.117  0.5    0.532 -0.125  0.509  1.    -0.016 -0.012-0.016 -1.     0.005-0.012 -0.005 -1.    -0.038 -0.041  0.002
6.18 0.5  0.   0.45  0.5   -0.118  0.5    0.531 -0.126  0.509  1.    -0.015 -0.012-0.015 -1.     0.005-0.012 -0.004 -1.    -0.037 -0.04   0.001
6.19 0.5  0.   0.45  0.5   -0.119  0.5    0.53  -0.126  0.509  1.    -0.015 -0.013-0.015 -1.     0.004-0.013 -0.004 -1.    -0.037 -0.039  0.001
6.2 0.5  0.   0.45  0.5  -0.12  0.5   0.53  -0.127  0.509  1.    -0.015 -0.013-0.015 -1.     0.004-0.013 -0.004 -1.    -0.036 -0.038  0.001
6.21 0.5  0.   0.45  0.5   -0.121  0.5    0.529 -0.127  0.509  1.    -0.014 -0.013-0.014 -1.     0.004-0.013 -0.004 -1.    -0.035 -0.037  0.   
6.22 0.5  0.   0.45  0.5   -0.122  0.5    0.528 -0.128  0.509  1.    -0.014 -0.014-0.014 -1.     0.004-0.014 -0.003 -1.    -0.035 -0.036  0.   
6.23 0.5  0.   0.45  0.5   -0.123  0.5    0.528 -0.128  0.509  1.    -0.014 -0.014-0.014 -1.     0.003-0.014 -0.003 -1.    -0.034 -0.036 -0.   
6.24 0.5  0.   0.45  0.5   -0.124  0.5    0.527 -0.129  0.509  1.    -0.013 -0.014-0.013 -1.     0.003-0.014 -0.003 -1.    -0.034 -0.036 -0.001
6.25 0.5  0.   0.45  0.5   -0.125  0.5    0.526 -0.129  0.509  1.    -0.013 -0.015-0.013 -1.     0.003-0.015 -0.003 -1.    -0.034 -0.036 -0.001
6.26 0.5  0.   0.45  0.5   -0.126  0.5    0.526 -0.13   0.509  1.    -0.013 -0.015-0.013 -1.     0.003-0.015 -0.002 -1.    -0.033 -0.036 -0.001
6.27 0.5  0.   0.45  0.5   -0.127  0.5    0.525 -0.13   0.509  1.    -0.013 -0.015-0.013 -1.     0.002-0.015 -0.002 -1.    -0.033 -0.036 -0.001
6.28 0.5  0.   0.45  0.5   -0.128  0.5    0.524 -0.131  0.509  1.    -0.013 -0.015-0.012 -1.     0.002-0.015 -0.002 -1.    -0.032 -0.036 -0.002
6.29 0.5  0.   0.45  0.5   -0.129  0.5    0.524 -0.131  0.508  1.    -0.012 -0.016-0.012 -1.     0.002-0.016 -0.002 -1.    -0.032 -0.035 -0.002
6.3 0.5  0.   0.45  0.5  -0.13  0.5   0.523 -0.131  0.508  1.    -0.012 -0.016-0.012 -1.     0.002-0.016 -0.002 -1.    -0.032 -0.035 -0.002
6.31 0.5  0.   0.45  0.5   -0.131  0.5    0.523 -0.132  0.508  1.    -0.012 -0.016-0.012 -1.     0.002-0.016 -0.001 -1.    -0.031 -0.035 -0.002
6.32 0.5  0.   0.45  0.5   -0.132  0.5    0.522 -0.132  0.508  1.    -0.012 -0.016-0.012 -1.     0.001-0.016 -0.001 -1.    -0.031 -0.034 -0.002
6.33 0.5  0.   0.45  0.5   -0.133  0.5    0.521 -0.133  0.508  1.    -0.012 -0.017-0.011 -1.     0.001-0.017 -0.001 -1.    -0.031 -0.034 -0.002
6.34 0.5  0.   0.45  0.5   -0.134  0.5    0.521 -0.133  0.508  1.    -0.011 -0.017-0.011 -1.     0.001-0.017 -0.001 -1.    -0.03  -0.034 -0.003
6.35 0.5  0.   0.45  0.5   -0.135  0.5    0.52  -0.134  0.508  1.    -0.011 -0.017-0.011 -1.     0.001-0.017 -0.001 -1.    -0.03  -0.034 -0.003
6.36 0.5  0.   0.45  0.5   -0.136  0.5    0.52  -0.134  0.508  1.    -0.011 -0.017-0.011 -1.     0.001-0.017 -0.001 -1.    -0.03  -0.037 -0.002
6.37 0.5  0.   0.45  0.5   -0.137  0.5    0.519 -0.135  0.508  1.    -0.011 -0.017-0.011 -1.     0.001-0.017 -0.001 -1.    -0.031 -0.044 -0.001
6.38 0.5  0.   0.45  0.5   -0.138  0.5    0.518 -0.135  0.508  1.    -0.011 -0.017-0.011 -1.     0.001-0.017 -0.    -1.    -0.033 -0.053 -0.001
6.39 0.5  0.   0.45  0.5   -0.139  0.5    0.518 -0.136  0.508  1.    -0.011 -0.017-0.011 -1.     0.001-0.017 -0.    -1.    -0.035 -0.063 -0.   
6.4 0.5  0.   0.45  0.5  -0.14  0.5   0.517 -0.137  0.508  1.    -0.012 -0.017-0.012 -1.     0.001-0.017 -0.    -1.    -0.036 -0.07  -0.   
6.41 0.5  0.   0.45  0.5   -0.141  0.5    0.517 -0.138  0.508  1.    -0.012 -0.017-0.012 -1.     0.001-0.017 -0.    -1.    -0.036 -0.072 -0.   
6.42 0.5  0.   0.45  0.5   -0.142  0.5    0.516 -0.138  0.508  1.    -0.013 -0.017-0.013 -1.     0.001-0.017 -0.    -1.    -0.035 -0.07  -0.   
6.43 0.5  0.   0.45  0.5   -0.143  0.5    0.516 -0.139  0.507  1.    -0.013 -0.017-0.013 -1.     0.001-0.017 -0.    -1.    -0.032 -0.065 -0.001
6.44 0.5  0.   0.45  0.5   -0.144  0.5    0.515 -0.14   0.507  1.    -0.013 -0.016-0.013 -1.     0.001-0.016 -0.001 -1.    -0.03  -0.059 -0.001
6.45 0.5  0.   0.45  0.5   -0.145  0.5    0.515 -0.141  0.507  1.    -0.013 -0.016-0.013 -1.     0.001-0.016 -0.001 -1.    -0.028 -0.054 -0.001
6.46 0.5  0.   0.45  0.5   -0.146  0.5    0.514 -0.141  0.507  1.    -0.013 -0.016-0.013 -1.     0.001-0.016 -0.001 -1.    -0.027 -0.053 -0.002
6.47 0.5  0.   0.45  0.5   -0.147  0.5    0.514 -0.142  0.507  1.    -0.013 -0.016-0.013 -1.     0.001-0.016 -0.001 -1.    -0.027 -0.056 -0.002
6.48 0.5  0.   0.45  0.5   -0.148  0.5    0.513 -0.143  0.507  1.    -0.013 -0.016-0.013 -1.     0.001-0.016 -0.001 -1.    -0.028 -0.06  -0.002
6.49 0.5  0.   0.45  0.5   -0.149  0.5    0.513 -0.144  0.507  1.    -0.014 -0.016-0.014 -1.     0.001-0.016 -0.001 -1.    -0.029 -0.066 -0.002
6.5 0.5  0.   0.45  0.5  -0.15  0.5   0.512 -0.145  0.507  1.    -0.014 -0.015-0.014 -1.     0.001-0.015 -0.001 -1.    -0.03  -0.07  -0.002
6.51 0.5  0.   0.45  0.5   -0.151  0.5    0.512 -0.145  0.507  1.    -0.014 -0.015-0.014 -1.     0.001-0.015 -0.001 -1.    -0.03  -0.071 -0.003
6.52 0.5  0.   0.45  0.5   -0.152  0.5    0.511 -0.146  0.507  1.    -0.015 -0.015-0.014 -1.     0.002-0.015 -0.001 -1.    -0.029 -0.07  -0.003
6.53 0.5  0.   0.45  0.5   -0.153  0.5    0.511 -0.147  0.507  1.    -0.015 -0.015-0.015 -1.     0.002-0.015 -0.001 -1.    -0.027 -0.066 -0.003
6.54 0.5  0.   0.45  0.5   -0.154  0.5    0.51  -0.148  0.507  1.    -0.015 -0.015-0.015 -1.     0.002-0.015 -0.002 -1.    -0.026 -0.062 -0.003
6.55 0.5  0.   0.45  0.5   -0.155  0.5    0.51  -0.149  0.506  1.    -0.015 -0.014-0.015 -1.     0.002-0.014 -0.002 -1.    -0.025 -0.06  -0.003
6.56 0.5  0.   0.45  0.5   -0.156  0.5    0.51  -0.15   0.506  1.    -0.015 -0.014-0.015 -1.     0.002-0.014 -0.002 -1.    -0.024 -0.059 -0.003
6.57 0.5  0.   0.45  0.5   -0.157  0.5    0.509 -0.151  0.506  1.    -0.015 -0.014-0.015 -1.     0.002-0.014 -0.002 -1.    -0.024 -0.06  -0.003
6.58 0.5  0.   0.45  0.5   -0.158  0.5    0.509 -0.151  0.506  1.    -0.015 -0.014-0.015 -1.     0.002-0.014 -0.002 -1.    -0.025 -0.063 -0.003
6.59 0.5  0.   0.45  0.5   -0.159  0.5    0.509 -0.152  0.506  1.    -0.015 -0.014-0.015 -1.     0.002-0.014 -0.002 -1.    -0.025 -0.066 -0.003
6.6 0.5  0.   0.45  0.5  -0.16  0.5   0.508 -0.153  0.506  1.    -0.015 -0.013-0.015 -1.     0.003-0.013 -0.002 -1.    -0.026 -0.069 -0.003
6.61 0.5  0.   0.45  0.5   -0.161  0.5    0.508 -0.154  0.506  1.    -0.015 -0.013-0.015 -1.     0.003-0.013 -0.002 -1.    -0.025 -0.069 -0.004
6.62 0.5  0.   0.45  0.5   -0.162  0.5    0.507 -0.155  0.506  1.    -0.016 -0.013-0.015 -1.     0.003-0.013 -0.003 -1.    -0.025 -0.068 -0.004
6.63 0.5  0.   0.45  0.5   -0.163  0.5    0.507 -0.156  0.506  1.    -0.016 -0.013-0.016 -1.     0.003-0.013 -0.003 -1.    -0.024 -0.066 -0.004
6.64 0.5  0.   0.45  0.5   -0.164  0.5    0.507 -0.157  0.506  1.    -0.016 -0.013-0.016 -1.     0.003-0.013 -0.003 -1.    -0.023 -0.064 -0.004
6.65 0.5  0.   0.45  0.5   -0.165  0.5    0.506 -0.158  0.505  1.    -0.016 -0.012-0.016 -1.     0.003-0.012 -0.003 -1.    -0.022 -0.063 -0.004
6.66 0.5  0.   0.45  0.5   -0.166  0.5    0.506 -0.158  0.505  1.    -0.016 -0.012-0.016 -1.     0.003-0.012 -0.003 -1.    -0.022 -0.062 -0.004
6.67 0.5  0.   0.45  0.5   -0.167  0.5    0.506 -0.159  0.505  1.    -0.016 -0.012-0.016 -1.     0.003-0.012 -0.003 -1.    -0.022 -0.063 -0.004
6.68 0.5  0.   0.45  0.5   -0.168  0.5    0.506 -0.16   0.505  1.    -0.016 -0.012-0.016 -1.     0.004-0.012 -0.003 -1.    -0.022 -0.065 -0.004
6.69 0.5  0.   0.45  0.5   -0.169  0.5    0.505 -0.161  0.505  1.    -0.016 -0.011-0.016 -1.     0.004-0.011 -0.004 -1.    -0.022 -0.067 -0.004
6.7 0.5  0.   0.45  0.5  -0.17  0.5   0.505 -0.162  0.505  1.    -0.016 -0.011-0.016 -1.     0.004-0.011 -0.004 -1.    -0.023 -0.068 -0.004
6.71 0.5  0.   0.45  0.5   -0.171  0.5    0.505 -0.163  0.505  1.    -0.016 -0.011-0.016 -1.     0.004-0.011 -0.004 -1.    -0.023 -0.068 -0.004
6.72 0.5  0.   0.45  0.5   -0.172  0.5    0.504 -0.164  0.505  1.    -0.016 -0.011-0.016 -1.     0.004-0.011 -0.004 -1.    -0.022 -0.067 -0.004
6.73 0.5  0.   0.45  0.5   -0.173  0.5    0.504 -0.165  0.505  1.    -0.016 -0.011-0.016 -1.     0.004-0.011 -0.004 -1.    -0.022 -0.066 -0.004
6.74 0.5  0.   0.45  0.5   -0.174  0.5    0.504 -0.166  0.504  1.    -0.016 -0.01 -0.016 -1.     0.004-0.01  -0.004 -1.    -0.021 -0.065 -0.004
6.75 0.5  0.   0.45  0.5   -0.175  0.5    0.504 -0.166  0.504  1.    -0.016 -0.01 -0.016 -1.     0.004-0.01  -0.004 -1.    -0.02  -0.064 -0.004
6.76 0.5  0.   0.45  0.5   -0.176  0.5    0.503 -0.167  0.504  1.    -0.016 -0.01 -0.016 -1.     0.005-0.01  -0.004 -1.    -0.02  -0.064 -0.004
6.77 0.5  0.   0.45  0.5   -0.177  0.5    0.503 -0.168  0.504  1.    -0.016 -0.01 -0.016 -1.     0.005-0.01  -0.005 -1.    -0.02  -0.065 -0.004
6.78 0.5  0.   0.45  0.5   -0.178  0.5    0.503 -0.169  0.504  1.    -0.016 -0.009-0.016 -1.     0.005-0.01  -0.005 -1.    -0.02  -0.065 -0.004
6.79 0.5  0.   0.45  0.5   -0.179  0.5    0.503 -0.17   0.504  1.    -0.016 -0.009-0.016 -1.     0.005-0.009 -0.005 -1.    -0.021 -0.066 -0.004
6.8 0.5  0.   0.45  0.5  -0.18  0.5   0.502 -0.171  0.504  1.    -0.016 -0.009-0.016 -1.     0.005-0.009 -0.005 -1.    -0.021 -0.067 -0.004
6.81 0.5  0.   0.45  0.5   -0.181  0.5    0.502 -0.172  0.504  1.    -0.016 -0.009-0.016 -1.     0.005-0.009 -0.005 -1.    -0.02  -0.067 -0.004
6.82 0.5  0.   0.45  0.5   -0.182  0.5    0.502 -0.173  0.504  1.    -0.017 -0.009-0.016 -1.     0.005-0.009 -0.005 -1.    -0.02  -0.067 -0.004
6.83 0.5  0.   0.45  0.5   -0.183  0.5    0.502 -0.174  0.503  1.    -0.017 -0.008-0.017 -1.     0.005-0.008 -0.005 -1.    -0.02  -0.066 -0.004
6.84 0.5  0.   0.45  0.5   -0.184  0.5    0.501 -0.175  0.503  1.    -0.017 -0.008-0.017 -1.     0.006-0.008 -0.005 -1.    -0.019 -0.065 -0.004
6.85 0.5  0.   0.45  0.5   -0.185  0.5    0.501 -0.175  0.503  1.    -0.017 -0.008-0.017 -1.     0.006-0.008 -0.006 -1.    -0.019 -0.065 -0.004
6.86 0.5  0.   0.45  0.5   -0.186  0.5    0.501 -0.176  0.503  1.    -0.017 -0.008-0.017 -1.     0.006-0.008 -0.006 -1.    -0.019 -0.065 -0.004
6.87 0.5  0.   0.45  0.5   -0.187  0.5    0.501 -0.177  0.503  1.    -0.017 -0.008-0.017 -1.     0.006-0.008 -0.006 -1.    -0.019 -0.065 -0.004
6.88 0.5  0.   0.45  0.5   -0.188  0.5    0.5   -0.178  0.503  1.    -0.017 -0.007-0.017 -1.     0.006-0.007 -0.006 -1.    -0.019 -0.066 -0.003
6.89 0.5  0.   0.45  0.5   -0.189  0.5    0.5   -0.179  0.503  1.    -0.017 -0.007-0.017 -1.     0.006-0.007 -0.006 -1.    -0.019 -0.066 -0.003
6.9 0.5  0.   0.45  0.5  -0.19  0.5   0.5   -0.18   0.503  1.    -0.017 -0.007-0.017 -1.     0.006-0.007 -0.006 -1.    -0.019 -0.067 -0.003
6.91 0.5  0.   0.45  0.5   -0.191  0.5    0.5   -0.181  0.503  1.    -0.017 -0.007-0.017 -1.     0.006-0.007 -0.006 -1.    -0.019 -0.067 -0.003
6.92 0.5  0.   0.45  0.5   -0.192  0.5    0.5   -0.182  0.502  1.    -0.017 -0.007-0.017 -1.     0.007-0.007 -0.006 -1.    -0.019 -0.066 -0.003
6.93 0.5  0.   0.45  0.5   -0.193  0.5    0.499 -0.183  0.502  1.    -0.017 -0.006-0.017 -1.     0.007-0.006 -0.007 -1.    -0.019 -0.066 -0.003
6.94 0.5  0.   0.45  0.5   -0.194  0.5    0.499 -0.184  0.502  1.    -0.017 -0.006-0.017 -1.     0.007-0.006 -0.007 -1.    -0.018 -0.065 -0.003
6.95 0.5  0.   0.45  0.5   -0.195  0.5    0.499 -0.185  0.502  1.    -0.017 -0.006-0.017 -1.     0.007-0.006 -0.007 -1.    -0.018 -0.065 -0.003
6.96 0.5  0.   0.45  0.5   -0.196  0.5    0.499 -0.185  0.502  1.    -0.017 -0.006-0.017 -1.     0.007-0.006 -0.007 -1.    -0.018 -0.065 -0.003
6.97 0.5  0.   0.45  0.5   -0.197  0.5    0.499 -0.186  0.502  1.    -0.017 -0.006-0.017 -1.     0.007-0.006 -0.007 -1.    -0.018 -0.065 -0.003
6.98 0.5  0.   0.45  0.5   -0.198  0.5    0.498 -0.187  0.502  1.    -0.017 -0.005-0.017 -1.     0.007-0.006 -0.007 -1.    -0.018 -0.066 -0.003
6.99 0.5  0.   0.45  0.5   -0.199  0.5    0.498 -0.188  0.502  1.    -0.017 -0.005-0.017 -1.     0.007-0.005 -0.007 -1.    -0.018 -0.066 -0.003
7.0 0.5  0.   0.45  0.5 -0.2  0.5  0.498 -0.189  0.502  1.    -0.017 -0.005-0.017 -1.     0.007-0.005 -0.007 -1.    -0.018 -0.066 -0.003
