0.0 0.729 0.    0.45  0.5 0.5 0.5 0.5 0.5 0.5 1. 0. 0. 0. -1. -0. 0.  0. -1. -0.002  0.     0.005
0.01 0.729 0.    0.45  0.5   0.499 0.5   0.5 0.5 0.5 1. 0. 0. 0. -1. -0. 0.  0. -1. -0.002  0.     0.005
0.02 0.729 0.    0.45  0.5   0.498 0.5   0.5 0.5 0.5  1. -0.  0.-0. -1. -0. 0.  0. -1.  0.006 -0.008  0.005
0.03 0.729 0.    0.45  0.5   0.497 0.5   0.5   0.499 0.5    1. -0.  0.-0. -1. -0. 0.  0. -1.  0.016 -0.017  0.004
0.04 0.729 0.    0.45  0.5   0.496 0.5   0.5   0.499 0.5    1.    -0.001  0.001-0.001 -1.    -0.    0.001  0.    -1.     0.023 -0.024  0.004
0.05 0.729 0.    0.45  0.5   0.495 0.5   0.5   0.499 0.5    1.    -0.002  0.001-0.002 -1.     0.    0.001 -0.    -1.     0.026 -0.028  0.005
0.06 0.729 0.    0.45  0.5   0.494 0.5   0.501 0.498 0.5    1.    -0.002  0.001-0.002 -1.     0.    0.001 -0.    -1.     0.026 -0.03   0.005
0.07 0.729 0.    0.45  0.5   0.493 0.5   0.501 0.498 0.5    1.    -0.003  0.001-0.003 -1.     0.001 0.001 -0.001 -1.     0.026 -0.03   0.006
0.08 0.729 0.    0.45  0.5   0.492 0.5   0.501 0.497 0.5    1.    -0.003  0.001-0.003 -1.     0.001 0.001 -0.001 -1.     0.025 -0.029  0.007
0.09 0.729 0.    0.45  0.5   0.491 0.5   0.502 0.497 0.5    1.    -0.004  0.001-0.004 -1.     0.001 0.001 -0.001 -1.     0.024 -0.029  0.007
0.1 0.729 0.    0.45  0.5  0.49 0.5  0.502 0.497 0.5    1.    -0.004  0.001-0.004 -1.     0.001 0.001 -0.001 -1.     0.024 -0.029  0.007
0.11 0.729 0.    0.45  0.5   0.489 0.5   0.502 0.496 0.5    1.    -0.005  0.001-0.005 -1.     0.002 0.001 -0.002 -1.     0.024 -0.03   0.008
0.12 0.729 0.    0.45  0.5   0.488 0.5   0.503 0.496 0.5    1.    -0.005  0.001-0.005 -1.     0.002 0.001 -0.002 -1.     0.024 -0.031  0.008
0.13 0.729 0.    0.45  0.5   0.487 0.5   0.503 0.495 0.501  1.    -0.005  0.001-0.005 -1.     0.002 0.001 -0.002 -1.     0.024 -0.031  0.008
0.14 0.729 0.    0.45  0.5   0.486 0.5   0.503 0.495 0.501  1.    -0.006  0.001-0.006 -1.     0.002 0.001 -0.002 -1.     0.024 -0.032  0.008
0.15 0.729 0.    0.45  0.5   0.485 0.5   0.504 0.494 0.501  1.    -0.006  0.001-0.006 -1.     0.003 0.001 -0.003 -1.     0.024 -0.032  0.008
0.16 0.729 0.    0.45  0.5   0.484 0.5   0.504 0.494 0.501  1.    -0.006  0.001-0.006 -1.     0.003 0.001 -0.003 -1.     0.024 -0.033  0.009
0.17 0.729 0.    0.45  0.5   0.483 0.5   0.504 0.493 0.501  1.    -0.006  0.001-0.006 -1.     0.003 0.001 -0.003 -1.     0.024 -0.033  0.009
0.18 0.729 0.    0.45  0.5   0.482 0.5   0.505 0.493 0.501  1.    -0.007  0.001-0.007 -1.     0.004 0.001 -0.004 -1.     0.024 -0.034  0.009
0.19 0.729 0.    0.45  0.5   0.481 0.5   0.505 0.492 0.501  1.    -0.007  0.001-0.007 -1.     0.004 0.001 -0.004 -1.     0.024 -0.034  0.009
0.2 0.729 0.    0.45  0.5  0.48 0.5  0.505 0.492 0.501  1.    -0.007  0.001-0.007 -1.     0.004 0.001 -0.004 -1.     0.024 -0.035  0.009
0.21 0.729 0.    0.45  0.5   0.479 0.5   0.506 0.491 0.502  1.    -0.007  0.001-0.007 -1.     0.005 0.001 -0.005 -1.     0.024 -0.035  0.01 
0.22 0.729 0.    0.45  0.5   0.478 0.5   0.506 0.49  0.502  1.    -0.008  0.001-0.008 -1.     0.005 0.001 -0.005 -1.     0.024 -0.035  0.01 
0.23 0.729 0.    0.45  0.5   0.477 0.5   0.506 0.49  0.502  1.    -0.008  0.001-0.008 -1.     0.005 0.001 -0.005 -1.     0.024 -0.036  0.01 
0.24 0.729 0.    0.45  0.5   0.476 0.5   0.507 0.489 0.502  1.    -0.008  0.001-0.008 -1.     0.006 0.001 -0.006 -1.     0.024 -0.036  0.01 
0.25 0.729 0.    0.45  0.5   0.475 0.5   0.507 0.489 0.502  1.    -0.008  0.   -0.008 -1.     0.006 0.    -0.006 -1.     0.024 -0.036  0.01 
0.26 0.729 0.    0.45  0.5   0.474 0.5   0.507 0.488 0.502  1.    -0.008  0.   -0.008 -1.     0.006 0.    -0.006 -1.     0.024 -0.037  0.01 
0.27 0.729 0.    0.45  0.5   0.473 0.5   0.508 0.488 0.502  1.    -0.009  0.   -0.009 -1.     0.007 0.    -0.007 -1.     0.024 -0.037  0.01 
0.28 0.729 0.    0.45  0.5   0.472 0.5   0.508 0.487 0.503  1.    -0.009  0.   -0.009 -1.     0.007 0.    -0.007 -1.     0.024 -0.037  0.01 
0.29 0.729 0.    0.45  0.5   0.471 0.5   0.508 0.486 0.503  1.    -0.009 -0.   -0.009 -1.     0.007-0.    -0.007 -1.     0.024 -0.038  0.01 
0.3 0.729 0.    0.45  0.5  0.47 0.5  0.509 0.486 0.503  1.    -0.009 -0.   -0.009 -1.     0.008-0.    -0.008 -1.     0.024 -0.038  0.01 
0.31 0.729 0.    0.45  0.5   0.469 0.5   0.509 0.485 0.503  1.    -0.009 -0.   -0.009 -1.     0.008-0.    -0.008 -1.     0.024 -0.038  0.01 
0.32 0.729 0.    0.45  0.5   0.468 0.5   0.509 0.484 0.503  1.    -0.009 -0.001-0.009 -1.     0.008-0.001 -0.008 -1.     0.024 -0.039  0.011
0.33 0.729 0.    0.45  0.5   0.467 0.5   0.51  0.484 0.503  1.    -0.009 -0.001-0.009 -1.     0.009-0.001 -0.009 -1.     0.024 -0.039  0.011
0.34 0.729 0.    0.45  0.5   0.466 0.5   0.51  0.483 0.504  1.    -0.009 -0.001-0.009 -1.     0.009-0.001 -0.009 -1.     0.024 -0.039  0.011
0.35 0.729 0.    0.45  0.5   0.465 0.5   0.51  0.483 0.504  1.    -0.01  -0.001-0.01  -1.     0.009-0.001 -0.009 -1.     0.024 -0.039  0.011
0.36 0.729 0.    0.45  0.5   0.464 0.5   0.51  0.482 0.504  1.    -0.01  -0.001-0.01 -1.    0.01-0.001 -0.01  -1.     0.024 -0.04   0.011
0.37 0.729 0.    0.45  0.5   0.463 0.5   0.511 0.481 0.504  1.    -0.01  -0.001-0.01 -1.    0.01-0.002 -0.01  -1.     0.023 -0.04   0.011
0.38 0.729 0.    0.45  0.5   0.462 0.5   0.511 0.481 0.504  1.    -0.01  -0.002-0.01 -1.    0.01-0.002 -0.01  -1.     0.023 -0.04   0.011
0.39 0.729 0.    0.45  0.5   0.461 0.5   0.511 0.48  0.504  1.    -0.01  -0.002-0.01  -1.     0.011-0.002 -0.011 -1.     0.023 -0.04   0.011
0.4 0.729 0.    0.45  0.5  0.46 0.5  0.512 0.479 0.505  1.    -0.01  -0.002-0.01  -1.     0.011-0.002 -0.011 -1.     0.023 -0.041  0.011
0.41 0.729 0.    0.45  0.5   0.459 0.5   0.512 0.479 0.505  1.    -0.01  -0.002-0.01  -1.     0.011-0.002 -0.011 -1.     0.023 -0.041  0.011
0.42 0.729 0.    0.45  0.5   0.458 0.5   0.512 0.478 0.505  1.    -0.01  -0.002-0.01  -1.     0.012-0.003 -0.012 -1.     0.023 -0.041  0.011
0.43 0.729 0.    0.45  0.5   0.457 0.5   0.513 0.477 0.505  1.    -0.01  -0.003-0.01  -1.     0.012-0.003 -0.012 -1.     0.023 -0.041  0.011
0.44 0.729 0.    0.45  0.5   0.456 0.5   0.513 0.476 0.505  1.    -0.01  -0.003-0.01  -1.     0.012-0.003 -0.012 -1.     0.023 -0.041  0.011
0.45 0.729 0.    0.45  0.5   0.455 0.5   0.513 0.476 0.505  1.    -0.01  -0.003-0.01  -1.     0.013-0.003 -0.013 -1.     0.023 -0.042  0.011
0.46 0.729 0.    0.45  0.5   0.454 0.5   0.514 0.475 0.506  1.    -0.011 -0.003-0.011 -1.     0.013-0.003 -0.013 -1.     0.023 -0.042  0.011
0.47 0.729 0.    0.45  0.5   0.453 0.5   0.514 0.474 0.506  1.    -0.011 -0.004-0.011 -1.     0.013-0.004 -0.013 -1.     0.023 -0.042  0.011
0.48 0.729 0.    0.45  0.5   0.452 0.5   0.514 0.474 0.506  1.    -0.011 -0.004-0.011 -1.     0.014-0.004 -0.014 -1.     0.023 -0.042  0.011
0.49 0.729 0.    0.45  0.5   0.451 0.5   0.514 0.473 0.506  1.    -0.011 -0.004-0.011 -1.     0.014-0.004 -0.014 -1.     0.023 -0.043  0.011
0.5 0.729 0.    0.45  0.5  0.45 0.5  0.515 0.472 0.506  1.    -0.011 -0.004-0.011 -1.     0.014-0.004 -0.014 -1.     0.023 -0.043  0.011
0.51 0.729 0.    0.45  0.5   0.449 0.5   0.515 0.472 0.506  1.    -0.011 -0.004-0.011 -1.     0.014-0.005 -0.014 -1.     0.023 -0.043  0.011
0.52 0.729 0.    0.45  0.5   0.448 0.5   0.515 0.471 0.507  1.    -0.011 -0.005-0.011 -1.     0.015-0.005 -0.015 -1.     0.023 -0.043  0.011
0.53 0.729 0.    0.45  0.5   0.447 0.5   0.516 0.47  0.507  1.    -0.011 -0.005-0.011 -1.     0.015-0.005 -0.015 -1.     0.023 -0.043  0.011
0.54 0.729 0.    0.45  0.5   0.446 0.5   0.516 0.469 0.507  1.    -0.011 -0.005-0.011 -1.     0.015-0.005 -0.015 -1.     0.023 -0.044  0.011
0.55 0.729 0.    0.45  0.5   0.445 0.5   0.516 0.469 0.507  1.    -0.011 -0.005-0.011 -1.     0.016-0.006 -0.016 -1.     0.023 -0.044  0.011
0.56 0.729 0.    0.45  0.5   0.444 0.5   0.517 0.468 0.507  1.    -0.011 -0.006-0.011 -1.     0.016-0.006 -0.016 -1.     0.023 -0.044  0.011
0.57 0.729 0.    0.45  0.5   0.443 0.5   0.517 0.467 0.507  1.    -0.011 -0.006-0.011 -1.     0.016-0.006 -0.016 -1.     0.023 -0.044  0.011
0.58 0.729 0.    0.45  0.5   0.442 0.5   0.517 0.466 0.508  1.    -0.011 -0.006-0.011 -1.     0.017-0.006 -0.016 -1.     0.023 -0.044  0.011
0.59 0.729 0.    0.45  0.5   0.441 0.5   0.517 0.466 0.508  1.    -0.011 -0.006-0.011 -1.     0.017-0.006 -0.017 -1.     0.023 -0.044  0.011
0.6 0.729 0.    0.45  0.5  0.44 0.5  0.518 0.465 0.508  1.    -0.011 -0.007-0.011 -1.     0.017-0.007 -0.017 -1.     0.023 -0.045  0.011
0.61 0.729 0.    0.45  0.5   0.439 0.5   0.518 0.464 0.508  1.    -0.011 -0.007-0.011 -1.     0.017-0.007 -0.017 -1.     0.023 -0.045  0.01 
0.62 0.729 0.    0.45  0.5   0.438 0.5   0.518 0.463 0.508  1.    -0.011 -0.007-0.011 -1.     0.018-0.007 -0.018 -1.     0.022 -0.045  0.01 
0.63 0.729 0.    0.45  0.5   0.437 0.5   0.519 0.463 0.509  1.    -0.012 -0.007-0.011 -1.     0.018-0.007 -0.018 -1.     0.022 -0.045  0.01 
0.64 0.729 0.    0.45  0.5   0.436 0.5   0.519 0.462 0.509  1.    -0.012 -0.007-0.011 -1.     0.018-0.008 -0.018 -1.     0.022 -0.045  0.01 
0.65 0.729 0.    0.45  0.5   0.435 0.5   0.519 0.461 0.509  1.    -0.012 -0.008-0.011 -1.     0.019-0.008 -0.018 -1.     0.022 -0.046  0.01 
0.66 0.729 0.    0.45  0.5   0.434 0.5   0.519 0.46  0.509  1.    -0.012 -0.008-0.012 -1.     0.019-0.008 -0.019 -1.     0.022 -0.046  0.01 
0.67 0.729 0.    0.45  0.5   0.433 0.5   0.52  0.46  0.509  1.    -0.012 -0.008-0.012 -1.     0.019-0.008 -0.019 -1.     0.022 -0.046  0.01 
0.68 0.729 0.    0.45  0.5   0.432 0.5   0.52  0.459 0.509  1.    -0.012 -0.008-0.012 -1.     0.019-0.009 -0.019 -1.     0.022 -0.046  0.01 
0.69 0.729 0.    0.45  0.5   0.431 0.5   0.52  0.458 0.509  1.    -0.012 -0.009-0.012 -1.     0.02 -0.009 -0.02  -1.     0.022 -0.046  0.01 
0.7 0.729 0.    0.45  0.5  0.43 0.5  0.52  0.457 0.51   1.    -0.012 -0.009-0.012 -1.     0.02 -0.009 -0.02  -1.     0.022 -0.046  0.01 
0.71 0.729 0.    0.45  0.5   0.429 0.5   0.521 0.457 0.51   1.    -0.012 -0.009-0.012 -1.     0.02 -0.009 -0.02  -1.     0.022 -0.047  0.01 
0.72 0.729 0.    0.45  0.5   0.428 0.5   0.521 0.456 0.51   1.    -0.012 -0.009-0.012 -1.     0.02 -0.01 -0.02 -1.    0.022 -0.047  0.01 
0.73 0.729 0.    0.45  0.5   0.427 0.5   0.521 0.455 0.51   1.    -0.012 -0.01 -0.012 -1.     0.021-0.01  -0.021 -1.     0.022 -0.047  0.01 
0.74 0.729 0.    0.45  0.5   0.426 0.5   0.521 0.454 0.51   1.    -0.012 -0.01 -0.012 -1.     0.021-0.01  -0.021 -1.     0.022 -0.047  0.01 
0.75 0.729 0.    0.45  0.5   0.425 0.5   0.522 0.453 0.51   1.    -0.012 -0.01 -0.012 -1.     0.021-0.01  -0.021 -1.     0.022 -0.047  0.01 
0.76 0.729 0.    0.45  0.5   0.424 0.5   0.522 0.453 0.511  1.    -0.012 -0.01 -0.012 -1.     0.022-0.011 -0.021 -1.     0.022 -0.047  0.01 
0.77 0.729 0.    0.45  0.5   0.423 0.5   0.522 0.452 0.511  1.    -0.012 -0.01 -0.012 -1.     0.022-0.011 -0.022 -1.     0.022 -0.048  0.01 
0.78 0.729 0.    0.45  0.5   0.422 0.5   0.523 0.451 0.511  1.    -0.012 -0.011-0.012 -1.     0.022-0.011 -0.022 -1.     0.022 -0.048  0.01 
0.79 0.729 0.    0.45  0.5   0.421 0.5   0.523 0.45  0.511  1.    -0.012 -0.011-0.012 -1.     0.022-0.011 -0.022 -1.     0.022 -0.048  0.01 
0.8 0.729 0.    0.45  0.5  0.42 0.5  0.523 0.449 0.511  1.    -0.012 -0.011-0.012 -1.     0.023-0.011 -0.022 -1.     0.022 -0.048  0.01 
0.81 0.729 0.    0.45  0.5   0.419 0.5   0.523 0.449 0.511  1.    -0.012 -0.011-0.012 -1.     0.023-0.012 -0.023 -1.     0.022 -0.048  0.01 
0.82 0.729 0.    0.45  0.5   0.418 0.5   0.524 0.448 0.512  1.    -0.012 -0.012-0.012 -1.     0.023-0.012 -0.023 -1.     0.022 -0.049  0.01 
0.83 0.729 0.    0.45  0.5   0.417 0.5   0.524 0.447 0.512  1.    -0.012 -0.012-0.012 -1.     0.023-0.012 -0.023 -1.     0.021 -0.049  0.01 
0.84 0.729 0.    0.45  0.5   0.416 0.5   0.524 0.446 0.512  1.    -0.012 -0.012-0.012 -1.     0.024-0.012 -0.023 -1.     0.021 -0.049  0.009
0.85 0.729 0.    0.45  0.5   0.415 0.5   0.524 0.445 0.512  1.    -0.013 -0.012-0.012 -1.     0.024-0.013 -0.024 -1.     0.021 -0.049  0.009
0.86 0.729 0.    0.45  0.5   0.414 0.5   0.525 0.445 0.512  1.    -0.013 -0.013-0.012 -1.     0.024-0.013 -0.024 -1.     0.021 -0.049  0.009
0.87 0.729 0.    0.45  0.5   0.413 0.5   0.525 0.444 0.512  1.    -0.013 -0.013-0.012 -1.     0.024-0.013 -0.024 -1.     0.021 -0.049  0.009
0.88 0.729 0.    0.45  0.5   0.412 0.5   0.525 0.443 0.512  1.    -0.013 -0.013-0.012 -1.     0.024-0.013 -0.024 -1.     0.021 -0.05   0.009
0.89 0.729 0.    0.45  0.5   0.411 0.5   0.525 0.442 0.513  1.    -0.013 -0.013-0.012 -1.     0.025-0.014 -0.025 -1.     0.021 -0.05   0.009
0.9 0.729 0.    0.45  0.5  0.41 0.5  0.525 0.441 0.513  1.    -0.013 -0.013-0.012 -1.     0.025-0.014 -0.025 -1.     0.021 -0.05   0.009
0.91 0.729 0.    0.45  0.5   0.409 0.5   0.526 0.44  0.513  1.    -0.013 -0.014-0.012 -1.     0.025-0.014 -0.025 -1.     0.021 -0.05   0.009
0.92 0.729 0.    0.45  0.5   0.408 0.5   0.526 0.44  0.513  1.    -0.013 -0.014-0.012 -1.     0.025-0.014 -0.025 -1.     0.021 -0.05   0.009
0.93 0.729 0.    0.45  0.5   0.407 0.5   0.526 0.439 0.513  1.    -0.013 -0.014-0.012 -1.     0.026-0.014 -0.025 -1.     0.021 -0.05   0.009
0.94 0.729 0.    0.45  0.5   0.406 0.5   0.526 0.438 0.513  1.    -0.013 -0.014-0.013 -1.     0.026-0.015 -0.026 -1.     0.021 -0.051  0.009
0.95 0.729 0.    0.45  0.5   0.405 0.5   0.527 0.437 0.513  1.    -0.013 -0.015-0.013 -1.     0.026-0.015 -0.026 -1.     0.021 -0.051  0.009
0.96 0.729 0.    0.45  0.5   0.404 0.5   0.527 0.436 0.514  1.    -0.013 -0.015-0.013 -1.     0.026-0.015 -0.026 -1.     0.021 -0.051  0.009
0.97 0.729 0.    0.45  0.5   0.403 0.5   0.527 0.435 0.514  1.    -0.013 -0.015-0.013 -1.     0.026-0.015 -0.026 -1.     0.021 -0.051  0.009
0.98 0.729 0.    0.45  0.5   0.402 0.5   0.527 0.435 0.514  1.    -0.013 -0.015-0.013 -1.     0.027-0.016 -0.027 -1.     0.021 -0.051  0.009
0.99 0.729 0.    0.45  0.5   0.401 0.5   0.527 0.434 0.514  1.    -0.013 -0.015-0.013 -1.     0.027-0.016 -0.027 -1.     0.021 -0.051  0.009
1.0 0.729 0.    0.45  0.5 0.4 0.5 0.528 0.433 0.514  1.    -0.013 -0.016-0.013 -1.     0.027-0.016 -0.027 -1.     0.021 -0.052  0.009
1.01 0.729 0.    0.45  0.5   0.399 0.5   0.528 0.432 0.514  1.    -0.013 -0.016-0.013 -1.     0.027-0.016 -0.027 -1.     0.02  -0.052  0.008
1.02 0.729 0.    0.45  0.5   0.398 0.5   0.528 0.431 0.514  1.    -0.013 -0.016-0.013 -1.     0.028-0.016 -0.027 -0.999  0.02  -0.052  0.008
1.03 0.729 0.    0.45  0.5   0.397 0.5   0.528 0.43  0.514  1.    -0.013 -0.016-0.013 -1.     0.028-0.017 -0.028 -0.999  0.02  -0.052  0.008
1.04 0.729 0.    0.45  0.5   0.396 0.5   0.529 0.429 0.515  1.    -0.013 -0.016-0.013 -1.     0.028-0.017 -0.028 -0.999  0.02  -0.052  0.008
1.05 0.729 0.    0.45  0.5   0.395 0.5   0.529 0.429 0.515  1.    -0.013 -0.017-0.013 -1.     0.028-0.017 -0.028 -0.999  0.02  -0.052  0.008
1.06 0.729 0.    0.45  0.5   0.394 0.5   0.529 0.428 0.515  1.    -0.013 -0.017-0.013 -1.     0.028-0.017 -0.028 -0.999  0.02  -0.053  0.008
1.07 0.729 0.    0.45  0.5   0.393 0.5   0.529 0.427 0.515  1.    -0.013 -0.017-0.013 -1.     0.029-0.017 -0.028 -0.999  0.02  -0.053  0.008
1.08 0.729 0.    0.45  0.5   0.392 0.5   0.529 0.426 0.515  1.    -0.013 -0.017-0.013 -1.     0.029-0.018 -0.029 -0.999  0.02  -0.053  0.008
1.09 0.729 0.    0.45  0.5   0.391 0.5   0.53  0.425 0.515  1.    -0.014 -0.017-0.013 -0.999  0.029-0.018 -0.029 -0.999  0.02  -0.053  0.008
1.1 0.729 0.    0.45  0.5  0.39 0.5  0.53  0.424 0.515  1.    -0.014 -0.018-0.013 -0.999  0.029-0.018 -0.029 -0.999  0.02  -0.053  0.008
1.11 0.729 0.    0.45  0.5   0.389 0.5   0.53  0.423 0.515  1.    -0.014 -0.018-0.013 -0.999  0.029-0.018 -0.029 -0.999  0.02  -0.054  0.008
1.12 0.729 0.    0.45  0.5   0.388 0.5   0.53  0.422 0.516  1.    -0.014 -0.018-0.013 -0.999  0.029-0.018 -0.029 -0.999  0.02  -0.054  0.008
1.13 0.729 0.    0.45  0.5   0.387 0.5   0.53  0.422 0.516  1.    -0.014 -0.018-0.013 -0.999  0.03 -0.019 -0.029 -0.999  0.02  -0.054  0.008
1.14 0.729 0.    0.45  0.5   0.386 0.5   0.531 0.421 0.516  1.    -0.014 -0.018-0.013 -0.999  0.03 -0.019 -0.03  -0.999  0.02  -0.054  0.008
1.15 0.729 0.    0.45  0.5   0.385 0.5   0.531 0.42  0.516  1.    -0.014 -0.019-0.013 -0.999  0.03 -0.019 -0.03  -0.999  0.02  -0.054  0.008
1.16 0.729 0.    0.45  0.5   0.384 0.5   0.531 0.419 0.516  1.    -0.014 -0.019-0.013 -0.999  0.03 -0.019 -0.03  -0.999  0.02  -0.054  0.008
1.17 0.729 0.    0.45  0.5   0.383 0.5   0.531 0.418 0.516  1.    -0.014 -0.019-0.013 -0.999  0.03 -0.019 -0.03  -0.999  0.019 -0.055  0.007
1.18 0.729 0.    0.45  0.5   0.382 0.5   0.531 0.417 0.516  1.    -0.014 -0.019-0.013 -0.999  0.031-0.02  -0.03  -0.999  0.019 -0.055  0.007
1.19 0.729 0.    0.45  0.5   0.381 0.5   0.531 0.416 0.516  1.    -0.014 -0.019-0.013 -0.999  0.031-0.02  -0.03  -0.999  0.019 -0.055  0.007
1.2 0.729 0.    0.45  0.5  0.38 0.5  0.532 0.415 0.516  1.    -0.014 -0.02 -0.013 -0.999  0.031-0.02  -0.031 -0.999  0.019 -0.055  0.007
1.21 0.729 0.    0.45  0.5   0.379 0.5   0.532 0.414 0.517  1.    -0.014 -0.02 -0.013 -0.999  0.031-0.02  -0.031 -0.999  0.019 -0.055  0.007
1.22 0.729 0.    0.45  0.5   0.378 0.5   0.532 0.413 0.517  1.    -0.014 -0.02 -0.013 -0.999  0.031-0.02  -0.031 -0.999  0.019 -0.055  0.007
1.23 0.729 0.    0.45  0.5   0.377 0.5   0.532 0.413 0.517  1.    -0.014 -0.02 -0.013 -0.999  0.031-0.021 -0.031 -0.999  0.019 -0.056  0.007
1.24 0.729 0.    0.45  0.5   0.376 0.5   0.532 0.412 0.517  1.    -0.014 -0.02 -0.014 -0.999  0.032-0.021 -0.031 -0.999  0.019 -0.056  0.007
1.25 0.729 0.    0.45  0.5   0.375 0.5   0.533 0.411 0.517  1.    -0.014 -0.021-0.014 -0.999  0.032-0.021 -0.031 -0.999  0.019 -0.056  0.007
1.26 0.729 0.    0.45  0.5   0.374 0.5   0.533 0.41  0.517  1.    -0.014 -0.021-0.014 -0.999  0.032-0.021 -0.032 -0.999  0.019 -0.056  0.007
1.27 0.729 0.    0.45  0.5   0.373 0.5   0.533 0.409 0.517  1.    -0.014 -0.021-0.014 -0.999  0.032-0.021 -0.032 -0.999  0.019 -0.056  0.007
1.28 0.729 0.    0.45  0.5   0.372 0.5   0.533 0.408 0.517  1.    -0.014 -0.021-0.014 -0.999  0.032-0.022 -0.032 -0.999  0.019 -0.056  0.007
1.29 0.729 0.    0.45  0.5   0.371 0.5   0.533 0.407 0.517  1.    -0.014 -0.021-0.014 -0.999  0.032-0.022 -0.032 -0.999  0.019 -0.057  0.007
1.3 0.729 0.    0.45  0.5  0.37 0.5  0.533 0.406 0.517  1.    -0.014 -0.021-0.014 -0.999  0.033-0.022 -0.032 -0.999  0.019 -0.057  0.007
1.31 0.729 0.    0.45  0.5   0.369 0.5   0.533 0.405 0.518  1.    -0.015 -0.022-0.014 -0.999  0.033-0.022 -0.032 -0.999  0.019 -0.057  0.006
1.32 0.729 0.    0.45  0.5   0.368 0.5   0.534 0.404 0.518  1.    -0.015 -0.022-0.014 -0.999  0.033-0.022 -0.032 -0.999  0.018 -0.057  0.006
1.33 0.729 0.    0.45  0.5   0.367 0.5   0.534 0.403 0.518  1.    -0.015 -0.022-0.014 -0.999  0.033-0.022 -0.033 -0.999  0.018 -0.057  0.006
1.34 0.729 0.    0.45  0.5   0.366 0.5   0.534 0.402 0.518  1.    -0.015 -0.022-0.014 -0.999  0.033-0.023 -0.033 -0.999  0.018 -0.057  0.006
1.35 0.729 0.    0.45  0.5   0.365 0.5   0.534 0.401 0.518  1.    -0.015 -0.022-0.014 -0.999  0.033-0.023 -0.033 -0.999  0.018 -0.058  0.006
1.36 0.729 0.    0.45  0.5   0.364 0.5   0.534 0.401 0.518  1.    -0.015 -0.022-0.014 -0.999  0.033-0.023 -0.033 -0.999  0.018 -0.058  0.006
1.37 0.729 0.    0.45  0.5   0.363 0.5   0.534 0.4   0.518  1.    -0.015 -0.023-0.014 -0.999  0.033-0.023 -0.033 -0.999  0.018 -0.058  0.006
1.38 0.729 0.    0.45  0.5   0.362 0.5   0.535 0.399 0.518  1.    -0.015 -0.023-0.014 -0.999  0.034-0.023 -0.033 -0.999  0.018 -0.058  0.006
1.39 0.729 0.    0.45  0.5   0.361 0.5   0.535 0.398 0.518  1.    -0.015 -0.023-0.014 -0.999  0.034-0.023 -0.033 -0.999  0.018 -0.058  0.006
1.4 0.729 0.    0.45  0.5  0.36 0.5  0.535 0.397 0.518  1.    -0.015 -0.023-0.014 -0.999  0.034-0.024 -0.034 -0.999  0.018 -0.059  0.006
1.41 0.729 0.    0.45  0.5   0.359 0.5   0.535 0.396 0.518  1.    -0.015 -0.023-0.014 -0.999  0.034-0.024 -0.034 -0.999  0.018 -0.059  0.006
1.42 0.729 0.    0.45  0.5   0.358 0.5   0.535 0.395 0.518  1.    -0.015 -0.023-0.014 -0.999  0.034-0.024 -0.034 -0.999  0.018 -0.059  0.006
1.43 0.729 0.    0.45  0.5   0.357 0.5   0.535 0.394 0.519  1.    -0.015 -0.024-0.014 -0.999  0.034-0.024 -0.034 -0.999  0.018 -0.059  0.006
1.44 0.729 0.    0.45  0.5   0.356 0.5   0.535 0.393 0.519  1.    -0.015 -0.024-0.014 -0.999  0.034-0.024 -0.034 -0.999  0.018 -0.059  0.006
1.45 0.729 0.    0.45  0.5   0.355 0.5   0.535 0.392 0.519  1.    -0.015 -0.024-0.014 -0.999  0.034-0.024 -0.034 -0.999  0.017 -0.059  0.006
1.46 0.729 0.    0.45  0.5   0.354 0.5   0.536 0.391 0.519  1.    -0.015 -0.024-0.014 -0.999  0.035-0.025 -0.034 -0.999  0.017 -0.06   0.005
1.47 0.729 0.    0.45  0.5   0.353 0.5   0.536 0.39  0.519  1.    -0.015 -0.024-0.014 -0.999  0.035-0.025 -0.034 -0.999  0.017 -0.06   0.005
1.48 0.729 0.    0.45  0.5   0.352 0.5   0.536 0.389 0.519  1.    -0.015 -0.024-0.014 -0.999  0.035-0.025 -0.034 -0.999  0.017 -0.06   0.005
1.49 0.729 0.    0.45  0.5   0.351 0.5   0.536 0.388 0.519  1.    -0.015 -0.025-0.015 -0.999  0.035-0.025 -0.035 -0.999  0.017 -0.06   0.005
1.5 0.729 0.    0.45  0.5  0.35 0.5  0.536 0.387 0.519  1.    -0.015 -0.025-0.015 -0.999  0.035-0.025 -0.035 -0.999  0.017 -0.06   0.005
1.51 0.729 0.    0.45  0.5   0.349 0.5   0.536 0.386 0.519  1.    -0.015 -0.025-0.015 -0.999  0.035-0.025 -0.035 -0.999  0.017 -0.06   0.005
1.52 0.729 0.    0.45  0.5   0.348 0.5   0.536 0.385 0.519  1.    -0.016 -0.025-0.015 -0.999  0.035-0.025 -0.035 -0.999  0.017 -0.061  0.005
1.53 0.729 0.    0.45  0.5   0.347 0.5   0.536 0.384 0.519  1.    -0.016 -0.025-0.015 -0.999  0.035-0.026 -0.035 -0.999  0.017 -0.061  0.005
1.54 0.729 0.    0.45  0.5   0.346 0.5   0.536 0.383 0.519  1.    -0.016 -0.025-0.015 -0.999  0.035-0.026 -0.035 -0.999  0.017 -0.061  0.005
1.55 0.729 0.    0.45  0.5   0.345 0.5   0.537 0.382 0.519  1.    -0.016 -0.025-0.015 -0.999  0.036-0.026 -0.035 -0.999  0.017 -0.061  0.005
1.56 0.729 0.    0.45  0.5   0.344 0.5   0.537 0.381 0.519  1.    -0.016 -0.025-0.015 -0.999  0.036-0.026 -0.035 -0.999  0.017 -0.061  0.005
1.57 0.729 0.    0.45  0.5   0.343 0.5   0.537 0.38  0.519  1.    -0.016 -0.026-0.015 -0.999  0.036-0.026 -0.035 -0.999  0.017 -0.061  0.005
1.58 0.729 0.    0.45  0.5   0.342 0.5   0.537 0.379 0.52   1.    -0.016 -0.026-0.015 -0.999  0.036-0.026 -0.035 -0.999  0.016 -0.062  0.005
1.59 0.729 0.    0.45  0.5   0.341 0.5   0.537 0.378 0.52   1.    -0.016 -0.026-0.015 -0.999  0.036-0.026 -0.035 -0.999  0.016 -0.062  0.005
1.6 0.729 0.    0.45  0.5  0.34 0.5  0.537 0.377 0.52   1.    -0.016 -0.026-0.015 -0.999  0.036-0.027 -0.036 -0.999  0.016 -0.062  0.004
1.61 0.729 0.    0.45  0.5   0.339 0.5   0.537 0.376 0.52   1.    -0.016 -0.026-0.015 -0.999  0.036-0.027 -0.036 -0.999  0.016 -0.062  0.004
1.62 0.729 0.    0.45  0.5   0.338 0.5   0.537 0.375 0.52   1.    -0.016 -0.026-0.015 -0.999  0.036-0.027 -0.036 -0.999  0.016 -0.062  0.004
1.63 0.729 0.    0.45  0.5   0.337 0.5   0.537 0.374 0.52   1.    -0.016 -0.026-0.015 -0.999  0.036-0.027 -0.036 -0.999  0.016 -0.063  0.004
1.64 0.729 0.    0.45  0.5   0.336 0.5   0.537 0.373 0.52   1.    -0.016 -0.026-0.015 -0.999  0.036-0.027 -0.036 -0.999  0.016 -0.063  0.004
1.65 0.729 0.    0.45  0.5   0.335 0.5   0.537 0.372 0.52   1.    -0.016 -0.027-0.015 -0.999  0.036-0.027 -0.036 -0.999  0.016 -0.063  0.004
1.66 0.729 0.    0.45  0.5   0.334 0.5   0.538 0.371 0.52   1.    -0.016 -0.027-0.015 -0.999  0.036-0.027 -0.036 -0.999  0.016 -0.063  0.004
1.67 0.729 0.    0.45  0.5   0.333 0.5   0.538 0.37  0.52   1.    -0.016 -0.027-0.015 -0.999  0.036-0.027 -0.036 -0.999  0.016 -0.063  0.004
1.68 0.729 0.    0.45  0.5   0.332 0.5   0.538 0.369 0.52   1.    -0.016 -0.027-0.015 -0.999  0.037-0.028 -0.036 -0.999  0.016 -0.063  0.004
1.69 0.729 0.    0.45  0.5   0.331 0.5   0.538 0.368 0.52   0.999 -0.016 -0.027-0.015 -0.999  0.037-0.028 -0.036 -0.999  0.016 -0.064  0.004
1.7 0.729 0.    0.45  0.5  0.33 0.5  0.538 0.367 0.52   0.999 -0.016 -0.027-0.015 -0.999  0.037-0.028 -0.036 -0.999  0.016 -0.064  0.004
1.71 0.729 0.    0.45  0.5   0.329 0.5   0.538 0.366 0.52   0.999 -0.016 -0.027-0.015 -0.999  0.037-0.028 -0.036 -0.999  0.015 -0.064  0.004
1.72 0.729 0.    0.45  0.5   0.328 0.5   0.538 0.365 0.52   0.999 -0.016 -0.027-0.015 -0.999  0.037-0.028 -0.036 -0.999  0.015 -0.064  0.004
1.73 0.729 0.    0.45  0.5   0.327 0.5   0.538 0.364 0.52   0.999 -0.017 -0.027-0.016 -0.999  0.037-0.028 -0.036 -0.999  0.015 -0.064  0.004
1.74 0.729 0.    0.45  0.5   0.326 0.5   0.538 0.363 0.52   0.999 -0.017 -0.028-0.016 -0.999  0.037-0.028 -0.036 -0.999  0.015 -0.064  0.003
1.75 0.729 0.    0.45  0.5   0.325 0.5   0.538 0.362 0.52   0.999 -0.017 -0.028-0.016 -0.999  0.037-0.028 -0.036 -0.999  0.015 -0.065  0.003
1.76 0.729 0.    0.45  0.5   0.324 0.5   0.538 0.361 0.52   0.999 -0.017 -0.028-0.016 -0.999  0.037-0.028 -0.037 -0.999  0.015 -0.065  0.003
1.77 0.729 0.    0.45  0.5   0.323 0.5   0.538 0.36  0.52   0.999 -0.017 -0.028-0.016 -0.999  0.037-0.028 -0.037 -0.999  0.015 -0.065  0.003
1.78 0.729 0.    0.45  0.5   0.322 0.5   0.538 0.359 0.52   0.999 -0.017 -0.028-0.016 -0.999  0.037-0.029 -0.037 -0.999  0.015 -0.065  0.003
1.79 0.729 0.    0.45  0.5   0.321 0.5   0.538 0.358 0.52   0.999 -0.017 -0.028-0.016 -0.999  0.037-0.029 -0.037 -0.999  0.015 -0.065  0.003
1.8 0.729 0.    0.45  0.5  0.32 0.5  0.538 0.357 0.52   0.999 -0.017 -0.028-0.016 -0.999  0.037-0.029 -0.037 -0.999  0.015 -0.065  0.003
1.81 0.729 0.    0.45  0.5   0.319 0.5   0.538 0.356 0.52   0.999 -0.017 -0.028-0.016 -0.999  0.037-0.029 -0.037 -0.999  0.015 -0.066  0.003
1.82 0.729 0.    0.45  0.5   0.318 0.5   0.538 0.355 0.52   0.999 -0.017 -0.028-0.016 -0.999  0.037-0.029 -0.037 -0.999  0.014 -0.066  0.003
1.83 0.729 0.    0.45  0.5   0.317 0.5   0.539 0.354 0.52   0.999 -0.017 -0.028-0.016 -0.999  0.037-0.029 -0.037 -0.999  0.014 -0.066  0.003
1.84 0.729 0.    0.45  0.5   0.316 0.5   0.539 0.353 0.521  0.999 -0.017 -0.029-0.016 -0.999  0.037-0.029 -0.037 -0.999  0.014 -0.066  0.003
1.85 0.729 0.    0.45  0.5   0.315 0.5   0.539 0.352 0.521  0.999 -0.017 -0.029-0.016 -0.999  0.037-0.029 -0.037 -0.999  0.014 -0.066  0.003
1.86 0.729 0.    0.45  0.5   0.314 0.5   0.539 0.351 0.521  0.999 -0.017 -0.029-0.016 -0.999  0.037-0.029 -0.037 -0.999  0.014 -0.066  0.003
1.87 0.729 0.    0.45  0.5   0.313 0.5   0.539 0.35  0.521  0.999 -0.017 -0.029-0.016 -0.999  0.037-0.029 -0.037 -0.999  0.014 -0.067  0.003
1.88 0.729 0.    0.45  0.5   0.312 0.5   0.539 0.349 0.521  0.999 -0.017 -0.029-0.016 -0.999  0.037-0.029 -0.037 -0.999  0.014 -0.067  0.003
1.89 0.729 0.    0.45  0.5   0.311 0.5   0.539 0.348 0.521  0.999 -0.017 -0.029-0.016 -0.999  0.037-0.03  -0.037 -0.999  0.014 -0.067  0.002
1.9 0.729 0.    0.45  0.5  0.31 0.5  0.539 0.347 0.521  0.999 -0.017 -0.029-0.016 -0.999  0.037-0.03  -0.037 -0.999  0.014 -0.067  0.002
1.91 0.729 0.    0.45  0.5   0.309 0.5   0.539 0.346 0.521  0.999 -0.017 -0.029-0.016 -0.999  0.037-0.03  -0.037 -0.999  0.014 -0.067  0.002
1.92 0.729 0.    0.45  0.5   0.308 0.5   0.539 0.345 0.521  0.999 -0.017 -0.029-0.016 -0.999  0.037-0.03  -0.037 -0.999  0.014 -0.067  0.002
1.93 0.729 0.    0.45  0.5   0.307 0.5   0.539 0.343 0.521  0.999 -0.018 -0.029-0.016 -0.999  0.037-0.03  -0.037 -0.999  0.014 -0.067  0.002
1.94 0.729 0.    0.45  0.5   0.306 0.5   0.539 0.342 0.521  0.999 -0.018 -0.029-0.016 -0.999  0.037-0.03  -0.037 -0.999  0.013 -0.068  0.002
1.95 0.729 0.    0.45  0.5   0.305 0.5   0.539 0.341 0.521  0.999 -0.018 -0.029-0.017 -0.999  0.037-0.03  -0.037 -0.999  0.013 -0.068  0.002
1.96 0.729 0.    0.45  0.5   0.304 0.5   0.539 0.34  0.521  0.999 -0.018 -0.029-0.017 -0.999  0.037-0.03  -0.037 -0.999  0.013 -0.068  0.002
1.97 0.729 0.    0.45  0.5   0.303 0.5   0.539 0.339 0.521  0.999 -0.018 -0.029-0.017 -0.999  0.037-0.03  -0.037 -0.999  0.013 -0.068  0.002
1.98 0.729 0.    0.45  0.5   0.302 0.5   0.539 0.338 0.521  0.999 -0.018 -0.03 -0.017 -0.999  0.037-0.03  -0.037 -0.999  0.013 -0.068  0.002
1.99 0.729 0.    0.45  0.5   0.301 0.5   0.539 0.337 0.521  0.999 -0.018 -0.03 -0.017 -0.999  0.037-0.03  -0.037 -0.999  0.013 -0.068  0.002
2.0 0.729 0.    0.45  0.5 0.3 0.5 0.539 0.336 0.521  0.999 -0.018 -0.03 -0.017 -0.999  0.037-0.03  -0.037 -0.999  0.013 -0.069  0.002
2.01 0.729 0.    0.45  0.5   0.299 0.5   0.539 0.335 0.521  0.999 -0.018 -0.03 -0.017 -0.999  0.037-0.03  -0.037 -0.999  0.013 -0.069  0.002
2.02 0.729 0.    0.45  0.5   0.298 0.5   0.539 0.334 0.521  0.999 -0.018 -0.03 -0.017 -0.999  0.037-0.03  -0.037 -0.999  0.013 -0.069  0.002
2.03 0.729 0.    0.45  0.5   0.297 0.5   0.539 0.333 0.521  0.999 -0.018 -0.03 -0.017 -0.999  0.037-0.03  -0.037 -0.999  0.013 -0.069  0.002
2.04 0.729 0.    0.45  0.5   0.296 0.5   0.539 0.332 0.521  0.999 -0.018 -0.03 -0.017 -0.999  0.037-0.03  -0.037 -0.999  0.013 -0.069  0.002
2.05 0.729 0.    0.45  0.5   0.295 0.5   0.539 0.331 0.521  0.999 -0.018 -0.03 -0.017 -0.999  0.037-0.031 -0.037 -0.999  0.013 -0.069  0.002
2.06 0.729 0.    0.45  0.5   0.294 0.5   0.539 0.33  0.521  0.999 -0.018 -0.03 -0.017 -0.999  0.037-0.031 -0.037 -0.999  0.012 -0.069  0.001
2.07 0.729 0.    0.45  0.5   0.293 0.5   0.539 0.329 0.521  0.999 -0.018 -0.03 -0.017 -0.999  0.037-0.031 -0.037 -0.999  0.012 -0.07   0.001
2.08 0.729 0.    0.45  0.5   0.292 0.5   0.539 0.327 0.521  0.999 -0.018 -0.03 -0.017 -0.999  0.037-0.031 -0.037 -0.999  0.012 -0.07   0.001
2.09 0.729 0.    0.45  0.5   0.291 0.5   0.539 0.326 0.521  0.999 -0.018 -0.03 -0.017 -0.999  0.037-0.031 -0.037 -0.999  0.012 -0.07   0.001
2.1 0.729 0.    0.45  0.5  0.29 0.5  0.539 0.325 0.521  0.999 -0.018 -0.03 -0.017 -0.999  0.037-0.031 -0.037 -0.999  0.012 -0.07   0.001
2.11 0.729 0.    0.45  0.5   0.289 0.5   0.539 0.324 0.521  0.999 -0.018 -0.03 -0.017 -0.999  0.037-0.031 -0.037 -0.999  0.012 -0.07   0.001
2.12 0.729 0.    0.45  0.5   0.288 0.5   0.539 0.323 0.521  0.999 -0.018 -0.03 -0.017 -0.999  0.037-0.031 -0.037 -0.999  0.012 -0.07   0.001
2.13 0.729 0.    0.45  0.5   0.287 0.5   0.539 0.322 0.52   0.999 -0.018 -0.03 -0.017 -0.999  0.037-0.031 -0.037 -0.999  0.012 -0.07   0.001
2.14 0.729 0.    0.45  0.5   0.286 0.5   0.539 0.321 0.52   0.999 -0.018 -0.03 -0.017 -0.999  0.037-0.031 -0.037 -0.999  0.012 -0.071  0.001
2.15 0.729 0.    0.45  0.5   0.285 0.5   0.539 0.32  0.52   0.999 -0.019 -0.03 -0.017 -0.999  0.037-0.031 -0.037 -0.999  0.012 -0.071  0.001
2.16 0.729 0.    0.45  0.5   0.284 0.5   0.539 0.319 0.52   0.999 -0.019 -0.03 -0.017 -0.999  0.037-0.031 -0.037 -0.999  0.012 -0.071  0.001
2.17 0.729 0.    0.45  0.5   0.283 0.5   0.539 0.318 0.52   0.999 -0.019 -0.03 -0.017 -0.999  0.037-0.031 -0.037 -0.999  0.011 -0.071  0.001
2.18 0.729 0.    0.45  0.5   0.282 0.5   0.539 0.317 0.52   0.999 -0.019 -0.03 -0.018 -0.999  0.037-0.031 -0.036 -0.999  0.011 -0.071  0.001
2.19 0.729 0.    0.45  0.5   0.281 0.5   0.539 0.316 0.52   0.999 -0.019 -0.03 -0.018 -0.999  0.037-0.031 -0.036 -0.999  0.011 -0.071  0.001
2.2 0.729 0.    0.45  0.5  0.28 0.5  0.538 0.314 0.52   0.999 -0.019 -0.03 -0.018 -0.999  0.037-0.031 -0.036 -0.999  0.011 -0.071  0.001
2.21 0.729 0.    0.45  0.5   0.279 0.5   0.538 0.313 0.52   0.999 -0.019 -0.03 -0.018 -0.999  0.037-0.031 -0.036 -0.999  0.011 -0.072  0.001
2.22 0.729 0.    0.45  0.5   0.278 0.5   0.538 0.312 0.52   0.999 -0.019 -0.03 -0.018 -0.999  0.037-0.031 -0.036 -0.999  0.011 -0.072  0.001
2.23 0.729 0.    0.45  0.5   0.277 0.5   0.538 0.311 0.52   0.999 -0.019 -0.03 -0.018 -0.999  0.037-0.031 -0.036 -0.999  0.011 -0.072  0.001
2.24 0.729 0.    0.45  0.5   0.276 0.5   0.538 0.31  0.52   0.999 -0.019 -0.03 -0.018 -0.999  0.037-0.031 -0.036 -0.999  0.011 -0.072  0.   
2.25 0.729 0.    0.45  0.5   0.275 0.5   0.538 0.309 0.52   0.999 -0.019 -0.03 -0.018 -0.999  0.037-0.031 -0.036 -0.999  0.011 -0.072  0.   
2.26 0.729 0.    0.45  0.5   0.274 0.5   0.538 0.308 0.52   0.999 -0.019 -0.03 -0.018 -0.999  0.037-0.031 -0.036 -0.999  0.011 -0.072  0.   
2.27 0.729 0.    0.45  0.5   0.273 0.5   0.538 0.307 0.52   0.999 -0.019 -0.03 -0.018 -0.999  0.037-0.031 -0.036 -0.999  0.011 -0.072  0.   
2.28 0.729 0.    0.45  0.5   0.272 0.5   0.538 0.306 0.52   0.999 -0.019 -0.03 -0.018 -0.999  0.037-0.031 -0.036 -0.999  0.011 -0.072  0.   
2.29 0.729 0.    0.45  0.5   0.271 0.5   0.538 0.305 0.52   0.999 -0.019 -0.03 -0.018 -0.999  0.036-0.031 -0.036 -0.999  0.01  -0.073  0.   
2.3 0.729 0.    0.45  0.5  0.27 0.5  0.538 0.303 0.52   0.999 -0.019 -0.03 -0.018 -0.999  0.036-0.031 -0.036 -0.999  0.01  -0.073  0.   
2.31 0.729 0.    0.45  0.5   0.269 0.5   0.538 0.302 0.52   0.999 -0.019 -0.03 -0.018 -0.999  0.036-0.031 -0.036 -0.999  0.01  -0.073  0.   
2.32 0.729 0.    0.45  0.5   0.268 0.5   0.538 0.301 0.52   0.999 -0.019 -0.03 -0.018 -0.999  0.036-0.031 -0.036 -0.999  0.01  -0.073  0.   
2.33 0.729 0.    0.45  0.5   0.267 0.5   0.538 0.3   0.52   0.999 -0.019 -0.03 -0.018 -0.999  0.036-0.031 -0.036 -0.999  0.01  -0.073  0.   
2.34 0.729 0.    0.45  0.5   0.266 0.5   0.538 0.299 0.52   0.999 -0.019 -0.03 -0.018 -0.999  0.036-0.031 -0.036 -0.999  0.01  -0.073  0.   
2.35 0.729 0.    0.45  0.5   0.265 0.5   0.538 0.298 0.52   0.999 -0.019 -0.03 -0.018 -0.999  0.036-0.031 -0.035 -0.999  0.01  -0.073 -0.   
2.36 0.729 0.    0.45  0.5   0.264 0.5   0.538 0.297 0.52   0.999 -0.019 -0.03 -0.018 -0.999  0.036-0.031 -0.035 -0.999  0.01  -0.073 -0.   
2.37 0.729 0.    0.45  0.5   0.263 0.5   0.538 0.296 0.52   0.999 -0.019 -0.03 -0.018 -0.999  0.036-0.031 -0.035 -0.999  0.01  -0.074 -0.   
2.38 0.729 0.    0.45  0.5   0.262 0.5   0.537 0.295 0.52   0.999 -0.019 -0.03 -0.018 -0.999  0.036-0.031 -0.035 -0.999  0.01  -0.074 -0.   
2.39 0.729 0.    0.45  0.5   0.261 0.5   0.537 0.293 0.52   0.999 -0.019 -0.03 -0.018 -0.999  0.036-0.031 -0.035 -0.999  0.01  -0.074 -0.   
2.4 0.729 0.    0.45  0.5  0.26 0.5  0.537 0.292 0.52   0.999 -0.02  -0.03 -0.018 -0.999  0.036-0.031 -0.035 -0.999  0.01  -0.074 -0.   
2.41 0.729 0.    0.45  0.5   0.259 0.5   0.537 0.291 0.52   0.999 -0.02  -0.03 -0.018 -0.999  0.036-0.031 -0.035 -0.999  0.009 -0.074 -0.   
2.42 0.729 0.    0.45  0.5   0.258 0.5   0.537 0.29  0.52   0.999 -0.02  -0.03 -0.018 -0.999  0.035-0.031 -0.035 -0.999  0.009 -0.074 -0.   
2.43 0.729 0.    0.45  0.5   0.257 0.5   0.537 0.289 0.519  0.999 -0.02  -0.03 -0.019 -0.999  0.035-0.031 -0.035 -0.999  0.009 -0.074 -0.   
2.44 0.729 0.    0.45  0.5   0.256 0.5   0.537 0.288 0.519  0.999 -0.02  -0.03 -0.019 -0.999  0.035-0.031 -0.035 -0.999  0.009 -0.074 -0.   
2.45 0.729 0.    0.45  0.5   0.255 0.5   0.537 0.287 0.519  0.999 -0.02  -0.03 -0.019 -0.999  0.035-0.031 -0.035 -0.999  0.009 -0.074 -0.   
2.46 0.729 0.    0.45  0.5   0.254 0.5   0.537 0.286 0.519  0.999 -0.02  -0.03 -0.019 -0.999  0.035-0.031 -0.035 -0.999  0.009 -0.074 -0.   
2.47 0.729 0.    0.45  0.5   0.253 0.5   0.537 0.285 0.519  0.999 -0.02  -0.03 -0.019 -0.999  0.035-0.031 -0.034 -0.999  0.009 -0.075 -0.001
2.48 0.729 0.    0.45  0.5   0.252 0.5   0.537 0.283 0.519  0.999 -0.02  -0.03 -0.019 -0.999  0.035-0.031 -0.034 -0.999  0.009 -0.075 -0.001
2.49 0.729 0.    0.45  0.5   0.251 0.5   0.537 0.282 0.519  0.999 -0.02  -0.03 -0.019 -0.999  0.035-0.031 -0.034 -0.999  0.009 -0.075 -0.001
2.5 0.729 0.    0.45  0.5  0.25 0.5  0.537 0.281 0.519  0.999 -0.02  -0.03 -0.019 -0.999  0.035-0.031 -0.034 -0.999  0.009 -0.075 -0.001
2.51 0.729 0.    0.45  0.5   0.249 0.5   0.536 0.28  0.519  0.999 -0.02  -0.03 -0.019 -0.999  0.035-0.031 -0.034 -0.999  0.009 -0.075 -0.001
2.52 0.729 0.    0.45  0.5   0.248 0.5   0.536 0.279 0.519  0.999 -0.02  -0.03 -0.019 -0.999  0.035-0.031 -0.034 -0.999  0.009 -0.075 -0.001
2.53 0.729 0.    0.45  0.5   0.247 0.5   0.536 0.278 0.519  0.999 -0.02  -0.03 -0.019 -0.999  0.034-0.031 -0.034 -0.999  0.008 -0.075 -0.001
2.54 0.729 0.    0.45  0.5   0.246 0.5   0.536 0.277 0.519  0.999 -0.02  -0.03 -0.019 -0.999  0.034-0.031 -0.034 -0.999  0.008 -0.075 -0.001
2.55 0.729 0.    0.45  0.5   0.245 0.5   0.536 0.276 0.519  0.999 -0.02  -0.03 -0.019 -0.999  0.034-0.031 -0.034 -0.999  0.008 -0.075 -0.001
2.56 0.729 0.    0.45  0.5   0.244 0.5   0.536 0.274 0.519  0.999 -0.02  -0.03 -0.019 -0.999  0.034-0.031 -0.034 -0.999  0.008 -0.075 -0.001
2.57 0.729 0.    0.45  0.5   0.243 0.5   0.536 0.273 0.519  0.999 -0.02  -0.03 -0.019 -0.999  0.034-0.03  -0.033 -0.999  0.008 -0.076 -0.001
2.58 0.729 0.    0.45  0.5   0.242 0.5   0.536 0.272 0.519  0.999 -0.02  -0.03 -0.019 -0.999  0.034-0.03  -0.033 -0.999  0.008 -0.076 -0.001
2.59 0.729 0.    0.45  0.5   0.241 0.5   0.536 0.271 0.519  0.999 -0.02  -0.03 -0.019 -0.999  0.034-0.03  -0.033 -0.999  0.008 -0.076 -0.001
2.6 0.729 0.    0.45  0.5  0.24 0.5  0.536 0.27  0.519  0.999 -0.02  -0.03 -0.019 -0.999  0.034-0.03  -0.033 -0.999  0.008 -0.076 -0.001
2.61 0.729 0.    0.45  0.5   0.239 0.5   0.535 0.269 0.518  0.999 -0.02  -0.03 -0.019 -0.999  0.034-0.03  -0.033 -0.999  0.008 -0.076 -0.001
2.62 0.729 0.    0.45  0.5   0.238 0.5   0.535 0.268 0.518  0.999 -0.02  -0.03 -0.019 -0.999  0.034-0.03  -0.033 -0.999  0.008 -0.076 -0.001
2.63 0.729 0.    0.45  0.5   0.237 0.5   0.535 0.267 0.518  0.999 -0.02  -0.03 -0.019 -0.999  0.033-0.03  -0.033 -0.999  0.008 -0.076 -0.001
2.64 0.729 0.    0.45  0.5   0.236 0.5   0.535 0.265 0.518  0.999 -0.02  -0.029-0.019 -0.999  0.033-0.03  -0.033 -0.999  0.008 -0.076 -0.001
2.65 0.729 0.    0.45  0.5   0.235 0.5   0.535 0.264 0.518  0.999 -0.02  -0.029-0.019 -0.999  0.033-0.03  -0.033 -0.999  0.008 -0.076 -0.001
2.66 0.729 0.    0.45  0.5   0.234 0.5   0.535 0.263 0.518  0.999 -0.02  -0.029-0.019 -0.999  0.033-0.03  -0.032 -0.999  0.007 -0.076 -0.001
2.67 0.729 0.    0.45  0.5   0.233 0.5   0.535 0.262 0.518  0.999 -0.02  -0.029-0.019 -0.999  0.033-0.03  -0.032 -0.999  0.007 -0.076 -0.001
2.68 0.729 0.    0.45  0.5   0.232 0.5   0.535 0.261 0.518  0.999 -0.02  -0.029-0.019 -0.999  0.033-0.03  -0.032 -0.999  0.007 -0.076 -0.001
2.69 0.729 0.    0.45  0.5   0.231 0.5   0.535 0.26  0.518  0.999 -0.02  -0.029-0.019 -0.999  0.033-0.03  -0.032 -0.999  0.007 -0.077 -0.001
2.7 0.729 0.    0.45  0.5  0.23 0.5  0.534 0.259 0.518  0.999 -0.02  -0.029-0.019 -0.999  0.033-0.03  -0.032 -0.999  0.007 -0.077 -0.001
2.71 0.729 0.    0.45  0.5   0.229 0.5   0.534 0.258 0.518  0.999 -0.02  -0.029-0.019 -0.999  0.032-0.03  -0.032 -0.999  0.007 -0.077 -0.001
2.72 0.729 0.    0.45  0.5   0.228 0.5   0.534 0.256 0.518  0.999 -0.02  -0.029-0.019 -0.999  0.032-0.03  -0.032 -0.999  0.007 -0.077 -0.001
2.73 0.729 0.    0.45  0.5   0.227 0.5   0.534 0.255 0.518  0.999 -0.02  -0.029-0.019 -0.999  0.032-0.03  -0.032 -0.999  0.007 -0.077 -0.001
2.74 0.729 0.    0.45  0.5   0.226 0.5   0.534 0.254 0.518  0.999 -0.02  -0.029-0.019 -0.999  0.032-0.029 -0.031 -0.999  0.007 -0.077 -0.001
2.75 0.729 0.    0.45  0.5   0.225 0.5   0.534 0.253 0.518  0.999 -0.02  -0.029-0.02  -0.999  0.032-0.029 -0.031 -0.999  0.007 -0.077 -0.001
2.76 0.729 0.    0.45  0.5   0.224 0.5   0.534 0.252 0.517  0.999 -0.02  -0.029-0.02  -0.999  0.032-0.029 -0.031 -0.999  0.007 -0.077 -0.001
2.77 0.729 0.    0.45  0.5   0.223 0.5   0.534 0.251 0.517  0.999 -0.02  -0.029-0.02  -0.999  0.032-0.029 -0.031 -0.999  0.007 -0.077 -0.001
2.78 0.729 0.    0.45  0.5   0.222 0.5   0.533 0.25  0.517  0.999 -0.02  -0.029-0.02  -0.999  0.032-0.029 -0.031 -0.999  0.007 -0.077 -0.001
2.79 0.729 0.    0.45  0.5   0.221 0.5   0.533 0.249 0.517  0.999 -0.02  -0.028-0.02  -0.999  0.031-0.029 -0.031 -0.999  0.007 -0.077 -0.001
2.8 0.729 0.    0.45  0.5  0.22 0.5  0.533 0.247 0.517  0.999 -0.021 -0.028-0.02  -0.999  0.031-0.029 -0.031 -0.999  0.006 -0.077 -0.001
2.81 0.729 0.    0.45  0.5   0.219 0.5   0.533 0.246 0.517  0.999 -0.021 -0.028-0.02  -0.999  0.031-0.029 -0.031 -0.999  0.006 -0.077 -0.001
2.82 0.729 0.    0.45  0.5   0.218 0.5   0.533 0.245 0.517  0.999 -0.021 -0.028-0.02  -0.999  0.031-0.029 -0.03  -0.999  0.006 -0.077 -0.001
2.83 0.729 0.    0.45  0.5   0.217 0.5   0.533 0.244 0.517  0.999 -0.021 -0.028-0.02  -0.999  0.031-0.029 -0.03  -0.999  0.006 -0.077 -0.001
2.84 0.729 0.    0.45  0.5   0.216 0.5   0.533 0.243 0.517  0.999 -0.021 -0.028-0.02  -0.999  0.031-0.029 -0.03  -0.999  0.006 -0.077 -0.001
2.85 0.729 0.    0.45  0.5   0.215 0.5   0.533 0.242 0.517  0.999 -0.021 -0.028-0.02  -0.999  0.031-0.029 -0.03  -0.999  0.006 -0.078 -0.001
2.86 0.729 0.    0.45  0.5   0.214 0.5   0.532 0.241 0.517  0.999 -0.021 -0.028-0.02  -0.999  0.031-0.029 -0.03  -0.999  0.006 -0.078 -0.001
2.87 0.729 0.    0.45  0.5   0.213 0.5   0.532 0.24  0.517  0.999 -0.021 -0.028-0.02  -0.999  0.03 -0.028 -0.03  -0.999  0.006 -0.078 -0.001
2.88 0.729 0.    0.45  0.5   0.212 0.5   0.532 0.238 0.517  0.999 -0.021 -0.028-0.02  -0.999  0.03 -0.028 -0.03  -0.999  0.006 -0.078 -0.002
2.89 0.729 0.    0.45  0.5   0.211 0.5   0.532 0.237 0.516  0.999 -0.021 -0.028-0.02  -0.999  0.03 -0.028 -0.03  -0.999  0.006 -0.078 -0.002
2.9 0.729 0.    0.45  0.5  0.21 0.5  0.532 0.236 0.516  0.999 -0.021 -0.028-0.02  -0.999  0.03 -0.028 -0.029 -0.999  0.006 -0.078 -0.002
2.91 0.729 0.    0.45  0.5   0.209 0.5   0.532 0.235 0.516  0.999 -0.021 -0.028-0.02  -0.999  0.03 -0.028 -0.029 -0.999  0.006 -0.078 -0.002
2.92 0.729 0.    0.45  0.5   0.208 0.5   0.532 0.234 0.516  0.999 -0.021 -0.027-0.02  -0.999  0.03 -0.028 -0.029 -0.999  0.006 -0.078 -0.002
2.93 0.729 0.    0.45  0.5   0.207 0.5   0.532 0.233 0.516  0.999 -0.021 -0.027-0.02  -0.999  0.03 -0.028 -0.029 -0.999  0.006 -0.078 -0.002
2.94 0.729 0.    0.45  0.5   0.206 0.5   0.531 0.232 0.516  0.999 -0.021 -0.027-0.02  -0.999  0.029-0.028 -0.029 -0.999  0.005 -0.078 -0.002
2.95 0.729 0.    0.45  0.5   0.205 0.5   0.531 0.23  0.516  0.999 -0.021 -0.027-0.02  -0.999  0.029-0.028 -0.029 -0.999  0.005 -0.078 -0.002
2.96 0.729 0.    0.45  0.5   0.204 0.5   0.531 0.229 0.516  0.999 -0.021 -0.027-0.02  -0.999  0.029-0.028 -0.029 -0.999  0.005 -0.078 -0.002
2.97 0.729 0.    0.45  0.5   0.203 0.5   0.531 0.228 0.516  0.999 -0.021 -0.027-0.02  -0.999  0.029-0.028 -0.028 -0.999  0.005 -0.078 -0.002
2.98 0.729 0.    0.45  0.5   0.202 0.5   0.531 0.227 0.516  0.999 -0.021 -0.027-0.02  -0.999  0.029-0.028 -0.028 -0.999  0.005 -0.078 -0.002
2.99 0.729 0.    0.45  0.5   0.201 0.5   0.531 0.226 0.516  0.999 -0.021 -0.027-0.02  -0.999  0.029-0.027 -0.028 -0.999  0.005 -0.078 -0.002
3.0 0.729 0.    0.45  0.5 0.2 0.5 0.531 0.225 0.516  0.999 -0.021 -0.027-0.02  -0.999  0.029-0.027 -0.028 -0.999  0.005 -0.078 -0.002
3.01 0.729 0.    0.45  0.5   0.199 0.5   0.53  0.224 0.516  0.999 -0.021 -0.027-0.02  -0.999  0.028-0.027 -0.028 -0.999  0.005 -0.078 -0.002
3.02 0.729 0.    0.45  0.5   0.198 0.5   0.53  0.223 0.515  0.999 -0.021 -0.027-0.02  -0.999  0.028-0.027 -0.028 -0.999  0.005 -0.078 -0.002
3.03 0.729 0.    0.45  0.5   0.197 0.5   0.53  0.221 0.515  0.999 -0.021 -0.026-0.02  -0.999  0.028-0.027 -0.028 -0.999  0.005 -0.078 -0.002
3.04 0.729 0.    0.45  0.5   0.196 0.5   0.53  0.22  0.515  0.999 -0.021 -0.026-0.02  -0.999  0.028-0.027 -0.027 -0.999  0.005 -0.078 -0.002
3.05 0.729 0.    0.45  0.5   0.195 0.5   0.53  0.219 0.515  0.999 -0.021 -0.026-0.02  -0.999  0.028-0.027 -0.027 -0.999  0.005 -0.078 -0.002
3.06 0.729 0.    0.45  0.5   0.194 0.5   0.53  0.218 0.515  0.999 -0.021 -0.026-0.02  -0.999  0.028-0.027 -0.027 -0.999  0.005 -0.078 -0.002
3.07 0.729 0.    0.45  0.5   0.193 0.5   0.53  0.217 0.515  0.999 -0.021 -0.026-0.02  -0.999  0.028-0.027 -0.027 -0.999  0.005 -0.078 -0.002
3.08 0.729 0.    0.45  0.5   0.192 0.5   0.529 0.216 0.515  0.999 -0.021 -0.026-0.02  -0.999  0.027-0.027 -0.027 -0.999  0.005 -0.078 -0.002
3.09 0.729 0.    0.45  0.5   0.191 0.5   0.529 0.215 0.515  0.999 -0.021 -0.026-0.02  -0.999  0.027-0.026 -0.027 -0.999  0.005 -0.078 -0.002
3.1 0.729 0.    0.45  0.5  0.19 0.5  0.529 0.214 0.515  0.999 -0.021 -0.026-0.02  -0.999  0.027-0.026 -0.027 -0.999  0.004 -0.078 -0.002
3.11 0.729 0.    0.45  0.5   0.189 0.5   0.529 0.212 0.515  0.999 -0.021 -0.026-0.02  -0.999  0.027-0.026 -0.026 -0.999  0.004 -0.078 -0.002
3.12 0.729 0.    0.45  0.5   0.188 0.5   0.529 0.211 0.515  0.999 -0.021 -0.026-0.02  -0.999  0.027-0.026 -0.026 -0.999  0.004 -0.078 -0.002
3.13 0.729 0.    0.45  0.5   0.187 0.5   0.529 0.21  0.515  0.999 -0.021 -0.025-0.02  -0.999  0.027-0.026 -0.026 -0.999  0.004 -0.078 -0.002
3.14 0.729 0.    0.45  0.5   0.186 0.5   0.529 0.209 0.515  0.999 -0.021 -0.025-0.02  -0.999  0.027-0.026 -0.026 -0.999  0.004 -0.078 -0.002
3.15 0.729 0.    0.45  0.5   0.185 0.5   0.528 0.208 0.514  0.999 -0.021 -0.025-0.02  -0.999  0.026-0.026 -0.026 -0.999  0.004 -0.078 -0.002
3.16 0.729 0.    0.45  0.5   0.184 0.5   0.528 0.207 0.514  0.999 -0.021 -0.025-0.02  -0.999  0.026-0.026 -0.026 -0.999  0.004 -0.078 -0.002
3.17 0.729 0.    0.45  0.5   0.183 0.5   0.528 0.206 0.514  0.999 -0.021 -0.025-0.02  -0.999  0.026-0.026 -0.026 -0.999  0.004 -0.078 -0.002
3.18 0.729 0.    0.45  0.5   0.182 0.5   0.528 0.205 0.514  0.999 -0.021 -0.025-0.02  -0.999  0.026-0.025 -0.025 -0.999  0.004 -0.078 -0.002
3.19 0.729 0.    0.45  0.5   0.181 0.5   0.528 0.204 0.514  0.999 -0.021 -0.025-0.02  -0.999  0.026-0.025 -0.025 -0.999  0.004 -0.078 -0.002
3.2 0.729 0.    0.45  0.5  0.18 0.5  0.528 0.202 0.514  0.999 -0.021 -0.025-0.02  -0.999  0.026-0.025 -0.025 -0.999  0.004 -0.078 -0.002
3.21 0.729 0.    0.45  0.5   0.179 0.5   0.528 0.201 0.514  0.999 -0.021 -0.025-0.02  -0.999  0.026-0.025 -0.025 -0.999  0.004 -0.078 -0.002
3.22 0.729 0.    0.45  0.5   0.178 0.5   0.527 0.2   0.514  0.999 -0.021 -0.025-0.02  -0.999  0.025-0.025 -0.025 -0.999  0.004 -0.078 -0.002
3.23 0.729 0.    0.45  0.5   0.177 0.5   0.527 0.199 0.514  0.999 -0.021 -0.024-0.02  -0.999  0.025-0.025 -0.025 -0.999  0.004 -0.078 -0.002
3.24 0.729 0.    0.45  0.5   0.176 0.5   0.527 0.198 0.514  0.999 -0.021 -0.024-0.02  -0.999  0.025-0.025 -0.025 -0.999  0.004 -0.078 -0.002
3.25 0.729 0.    0.45  0.5   0.175 0.5   0.527 0.197 0.514  0.999 -0.021 -0.024-0.02  -0.999  0.025-0.025 -0.025 -0.999  0.004 -0.078 -0.002
3.26 0.729 0.    0.45  0.5   0.174 0.5   0.527 0.196 0.514  0.999 -0.021 -0.024-0.02  -0.999  0.025-0.025 -0.024 -0.999  0.004 -0.079 -0.002
3.27 0.729 0.    0.45  0.5   0.173 0.5   0.527 0.195 0.513  0.999 -0.021 -0.024-0.02  -0.999  0.025-0.024 -0.024 -0.999  0.003 -0.079 -0.002
3.28 0.729 0.    0.45  0.5   0.172 0.5   0.526 0.193 0.513  0.999 -0.021 -0.024-0.02  -0.999  0.025-0.024 -0.024 -0.999  0.003 -0.079 -0.002
3.29 0.729 0.    0.45  0.5   0.171 0.5   0.526 0.192 0.513  1.    -0.021 -0.024-0.02  -0.999  0.024-0.024 -0.024 -0.999  0.003 -0.078 -0.002
3.3 0.729 0.    0.45  0.5  0.17 0.5  0.526 0.191 0.513  1.    -0.021 -0.024-0.02  -1.     0.024-0.024 -0.024 -0.999  0.003 -0.078 -0.002
3.31 0.729 0.    0.45  0.5   0.169 0.5   0.526 0.19  0.513  1.    -0.021 -0.024-0.02  -1.     0.024-0.024 -0.024 -0.999  0.003 -0.078 -0.002
3.32 0.729 0.    0.45  0.5   0.168 0.5   0.526 0.189 0.513  1.    -0.021 -0.023-0.02  -1.     0.024-0.024 -0.024 -0.999  0.003 -0.078 -0.002
3.33 0.729 0.    0.45  0.5   0.167 0.5   0.526 0.188 0.513  1.    -0.021 -0.023-0.02  -1.     0.024-0.024 -0.023 -0.999  0.003 -0.078 -0.002
3.34 0.729 0.    0.45  0.5   0.166 0.5   0.526 0.187 0.513  1.    -0.021 -0.023-0.02  -1.     0.024-0.024 -0.023 -0.999  0.003 -0.078 -0.002
3.35 0.729 0.    0.45  0.5   0.165 0.5   0.525 0.186 0.513  1.    -0.021 -0.023-0.02  -1.     0.024-0.024 -0.023 -0.999  0.003 -0.078 -0.002
3.36 0.729 0.    0.45  0.5   0.164 0.5   0.525 0.185 0.513  1.    -0.021 -0.023-0.02  -1.     0.023-0.023 -0.023 -0.999  0.003 -0.078 -0.002
3.37 0.729 0.    0.45  0.5   0.163 0.5   0.525 0.183 0.513  1.    -0.021 -0.023-0.02  -1.     0.023-0.023 -0.023 -0.999  0.003 -0.078 -0.002
3.38 0.729 0.    0.45  0.5   0.162 0.5   0.525 0.182 0.513  1.    -0.021 -0.023-0.02  -1.     0.023-0.023 -0.023 -0.999  0.003 -0.078 -0.002
3.39 0.729 0.    0.45  0.5   0.161 0.5   0.525 0.181 0.512  1.    -0.021 -0.023-0.02  -1.     0.023-0.023 -0.023 -0.999  0.003 -0.078 -0.002
3.4 0.729 0.    0.45  0.5  0.16 0.5  0.525 0.18  0.512  1.    -0.021 -0.022-0.02  -1.     0.023-0.023 -0.022 -0.999  0.003 -0.078 -0.002
3.41 0.729 0.    0.45  0.5   0.159 0.5   0.525 0.179 0.512  1.    -0.021 -0.022-0.02  -1.     0.023-0.023 -0.022 -0.999  0.003 -0.078 -0.002
3.42 0.729 0.    0.45  0.5   0.158 0.5   0.524 0.178 0.512  1.    -0.021 -0.022-0.02  -1.     0.023-0.023 -0.022 -0.999  0.003 -0.078 -0.002
3.43 0.729 0.    0.45  0.5   0.157 0.5   0.524 0.177 0.512  1.    -0.021 -0.022-0.02  -1.     0.022-0.023 -0.022 -1.     0.003 -0.078 -0.002
3.44 0.729 0.    0.45  0.5   0.156 0.5   0.524 0.176 0.512  1.    -0.021 -0.022-0.02  -1.     0.022-0.022 -0.022 -1.     0.003 -0.078 -0.002
3.45 0.729 0.    0.45  0.5   0.155 0.5   0.524 0.175 0.512  1.    -0.021 -0.022-0.02  -1.     0.022-0.022 -0.022 -1.     0.003 -0.078 -0.002
3.46 0.729 0.    0.45  0.5   0.154 0.5   0.524 0.173 0.512  1.    -0.021 -0.022-0.02  -1.     0.022-0.022 -0.022 -1.     0.002 -0.078 -0.002
3.47 0.729 0.    0.45  0.5   0.153 0.5   0.524 0.172 0.512  1.    -0.021 -0.022-0.02  -1.     0.022-0.022 -0.021 -1.     0.002 -0.078 -0.002
3.48 0.729 0.    0.45  0.5   0.152 0.5   0.524 0.171 0.512  1.    -0.021 -0.022-0.02  -1.     0.022-0.022 -0.021 -1.     0.002 -0.078 -0.002
3.49 0.729 0.    0.45  0.5   0.151 0.5   0.523 0.17  0.512  1.    -0.021 -0.021-0.02  -1.     0.022-0.022 -0.021 -1.     0.002 -0.078 -0.002
3.5 0.729 0.    0.45  0.5  0.15 0.5  0.523 0.169 0.512  1.    -0.021 -0.021-0.02  -1.     0.021-0.022 -0.021 -1.     0.002 -0.078 -0.002
3.51 0.729 0.    0.45  0.5   0.149 0.5   0.523 0.168 0.512  1.    -0.021 -0.021-0.02  -1.     0.021-0.022 -0.021 -1.     0.002 -0.078 -0.002
3.52 0.729 0.    0.45  0.5   0.148 0.5   0.523 0.167 0.511  1.    -0.021 -0.021-0.02  -1.     0.021-0.022 -0.021 -1.     0.002 -0.078 -0.002
3.53 0.729 0.    0.45  0.5   0.147 0.5   0.523 0.166 0.511  1.    -0.021 -0.021-0.02  -1.     0.021-0.021 -0.021 -1.     0.002 -0.078 -0.002
3.54 0.729 0.    0.45  0.5   0.146 0.5   0.523 0.165 0.511  1.    -0.021 -0.021-0.02  -1.     0.021-0.021 -0.021 -1.     0.002 -0.078 -0.002
3.55 0.729 0.    0.45  0.5   0.145 0.5   0.522 0.164 0.511  1.    -0.021 -0.021-0.02  -1.     0.021-0.021 -0.02  -1.     0.002 -0.078 -0.002
3.56 0.729 0.    0.45  0.5   0.144 0.5   0.522 0.162 0.511  1.    -0.021 -0.021-0.02  -1.     0.021-0.021 -0.02  -1.     0.002 -0.078 -0.002
3.57 0.729 0.    0.45  0.5   0.143 0.5   0.522 0.161 0.511  1.    -0.021 -0.021-0.02  -1.     0.021-0.021 -0.02  -1.     0.002 -0.078 -0.002
3.58 0.729 0.    0.45  0.5   0.142 0.5   0.522 0.16  0.511  1.    -0.021 -0.02 -0.02 -1.    0.02-0.021 -0.02  -1.     0.002 -0.078 -0.002
3.59 0.729 0.    0.45  0.5   0.141 0.5   0.522 0.159 0.511  1.    -0.021 -0.02 -0.02 -1.    0.02-0.021 -0.02  -1.     0.002 -0.078 -0.002
3.6 0.729 0.    0.45  0.5  0.14 0.5  0.522 0.158 0.511  1.    -0.021 -0.02 -0.02 -1.    0.02-0.021 -0.02  -1.     0.002 -0.078 -0.002
3.61 0.729 0.    0.45  0.5   0.139 0.5   0.522 0.157 0.511  1.   -0.02 -0.02-0.02 -1.    0.02-0.02 -0.02 -1.    0.002 -0.078 -0.002
3.62 0.729 0.    0.45  0.5   0.138 0.5   0.521 0.156 0.511  1.   -0.02 -0.02-0.02 -1.    0.02-0.02  -0.019 -1.     0.002 -0.078 -0.001
3.63 0.729 0.    0.45  0.5   0.137 0.5   0.521 0.155 0.511  1.   -0.02 -0.02-0.02 -1.    0.02-0.02  -0.019 -1.     0.002 -0.078 -0.001
3.64 0.729 0.    0.45  0.5   0.136 0.5   0.521 0.154 0.511  1.   -0.02 -0.02-0.02 -1.    0.02-0.02  -0.019 -1.     0.002 -0.078 -0.001
3.65 0.729 0.    0.45  0.5   0.135 0.5   0.521 0.153 0.51   1.   -0.02 -0.02-0.02  -1.     0.019-0.02  -0.019 -1.     0.002 -0.078 -0.001
3.66 0.729 0.    0.45  0.5   0.134 0.5   0.521 0.152 0.51   1.    -0.02  -0.019-0.02  -1.     0.019-0.02  -0.019 -1.     0.002 -0.078 -0.001
3.67 0.729 0.    0.45  0.5   0.133 0.5   0.521 0.15  0.51   1.    -0.02  -0.019-0.02  -1.     0.019-0.02  -0.019 -1.     0.001 -0.078 -0.001
3.68 0.729 0.    0.45  0.5   0.132 0.5   0.521 0.149 0.51   1.    -0.02  -0.019-0.02  -1.     0.019-0.02  -0.019 -1.     0.001 -0.078 -0.001
3.69 0.729 0.    0.45  0.5   0.131 0.5   0.52  0.148 0.51   1.    -0.02  -0.019-0.02  -1.     0.019-0.02  -0.019 -1.     0.001 -0.078 -0.001
3.7 0.729 0.    0.45  0.5  0.13 0.5  0.52  0.147 0.51   1.    -0.02  -0.019-0.02  -1.     0.019-0.019 -0.018 -1.     0.001 -0.078 -0.001
3.71 0.729 0.    0.45  0.5   0.129 0.5   0.52  0.146 0.51   1.    -0.02  -0.019-0.02  -1.     0.019-0.019 -0.018 -1.     0.001 -0.078 -0.001
3.72 0.729 0.    0.45  0.5   0.128 0.5   0.52  0.145 0.51   1.    -0.02  -0.019-0.02  -1.     0.019-0.019 -0.018 -1.     0.001 -0.078 -0.001
3.73 0.729 0.    0.45  0.5   0.127 0.5   0.52  0.144 0.51   1.    -0.02  -0.019-0.02  -1.     0.018-0.019 -0.018 -1.     0.001 -0.077 -0.001
3.74 0.729 0.    0.45  0.5   0.126 0.5   0.52  0.143 0.51   1.    -0.02  -0.019-0.02  -1.     0.018-0.019 -0.018 -1.     0.001 -0.077 -0.001
3.75 0.729 0.    0.45  0.5   0.125 0.5   0.52  0.142 0.51   1.    -0.02  -0.018-0.02  -1.     0.018-0.019 -0.018 -1.     0.001 -0.077 -0.001
3.76 0.729 0.    0.45  0.5   0.124 0.5   0.519 0.141 0.51   1.    -0.02  -0.018-0.02  -1.     0.018-0.019 -0.018 -1.     0.001 -0.077 -0.001
3.77 0.729 0.    0.45  0.5   0.123 0.5   0.519 0.14  0.51   1.    -0.02  -0.018-0.02  -1.     0.018-0.019 -0.018 -1.     0.001 -0.077 -0.001
3.78 0.729 0.    0.45  0.5   0.122 0.5   0.519 0.138 0.51   1.    -0.02  -0.018-0.02  -1.     0.018-0.018 -0.018 -1.     0.001 -0.077 -0.001
3.79 0.729 0.    0.45  0.5   0.121 0.5   0.519 0.137 0.509  1.    -0.02  -0.018-0.02  -1.     0.018-0.018 -0.017 -1.     0.001 -0.077 -0.001
3.8 0.729 0.    0.45  0.5  0.12 0.5  0.519 0.136 0.509  1.    -0.02  -0.018-0.02  -1.     0.018-0.018 -0.017 -1.     0.001 -0.077 -0.001
3.81 0.729 0.    0.45  0.5   0.119 0.5   0.519 0.135 0.509  1.    -0.02  -0.018-0.02  -1.     0.018-0.018 -0.017 -1.     0.001 -0.077 -0.001
3.82 0.729 0.    0.45  0.5   0.118 0.5   0.519 0.134 0.509  1.    -0.02  -0.018-0.02  -1.     0.017-0.018 -0.017 -1.     0.001 -0.077 -0.001
3.83 0.729 0.    0.45  0.5   0.117 0.5   0.518 0.133 0.509  1.    -0.02  -0.018-0.02  -1.     0.017-0.018 -0.017 -1.     0.001 -0.077 -0.001
3.84 0.729 0.    0.45  0.5   0.116 0.5   0.518 0.132 0.509  1.    -0.02  -0.017-0.02  -1.     0.017-0.018 -0.017 -1.     0.001 -0.077 -0.001
3.85 0.729 0.    0.45  0.5   0.115 0.5   0.518 0.131 0.509  1.    -0.02  -0.017-0.02  -1.     0.017-0.018 -0.017 -1.     0.001 -0.077 -0.001
3.86 0.729 0.    0.45  0.5   0.114 0.5   0.518 0.13  0.509  1.    -0.02  -0.017-0.02  -1.     0.017-0.018 -0.017 -1.     0.001 -0.077 -0.001
3.87 0.729 0.    0.45  0.5   0.113 0.5   0.518 0.129 0.509  1.    -0.02  -0.017-0.02  -1.     0.017-0.017 -0.016 -1.     0.001 -0.077 -0.001
3.88 0.729 0.    0.45  0.5   0.112 0.5   0.518 0.128 0.509  1.    -0.02  -0.017-0.02  -1.     0.017-0.017 -0.016 -1.     0.001 -0.077 -0.001
3.89 0.729 0.    0.45  0.5   0.111 0.5   0.518 0.127 0.509  1.    -0.02  -0.017-0.02  -1.     0.017-0.017 -0.016 -1.     0.001 -0.077 -0.001
3.9 0.729 0.    0.45  0.5  0.11 0.5  0.518 0.126 0.509  1.    -0.02  -0.017-0.02  -1.     0.017-0.017 -0.016 -1.     0.    -0.077 -0.001
3.91 0.729 0.    0.45  0.5   0.109 0.5   0.517 0.124 0.509  1.    -0.02  -0.017-0.02  -1.     0.016-0.017 -0.016 -1.     0.    -0.077 -0.001
3.92 0.729 0.    0.45  0.5   0.108 0.5   0.517 0.123 0.509  1.    -0.02  -0.017-0.02  -1.     0.016-0.017 -0.016 -1.     0.    -0.077 -0.001
3.93 0.729 0.    0.45  0.5   0.107 0.5   0.517 0.122 0.508  1.    -0.02  -0.016-0.02  -1.     0.016-0.017 -0.016 -1.     0.    -0.077 -0.001
3.94 0.729 0.    0.45  0.5   0.106 0.5   0.517 0.121 0.508  1.    -0.02  -0.016-0.02  -1.     0.016-0.017 -0.016 -1.     0.    -0.077 -0.001
3.95 0.729 0.    0.45  0.5   0.105 0.5   0.517 0.12  0.508  1.    -0.02  -0.016-0.02  -1.     0.016-0.016 -0.016 -1.     0.    -0.077 -0.001
3.96 0.729 0.    0.45  0.5   0.104 0.5   0.517 0.119 0.508  1.    -0.02  -0.016-0.02  -1.     0.016-0.016 -0.016 -1.     0.    -0.076 -0.001
3.97 0.729 0.    0.45  0.5   0.103 0.5   0.517 0.118 0.508  1.    -0.02  -0.016-0.02  -1.     0.016-0.016 -0.015 -1.     0.    -0.076 -0.001
3.98 0.729 0.    0.45  0.5   0.102 0.5   0.516 0.117 0.508  1.    -0.02  -0.016-0.02  -1.     0.016-0.016 -0.015 -1.     0.    -0.076 -0.001
3.99 0.729 0.    0.45  0.5   0.101 0.5   0.516 0.116 0.508  1.    -0.02  -0.016-0.02  -1.     0.016-0.016 -0.015 -1.     0.    -0.076 -0.001
4.0 0.729 0.    0.45  0.5 0.1 0.5 0.516 0.115 0.508  1.    -0.02  -0.016-0.02  -1.     0.015-0.016 -0.015 -1.     0.    -0.076 -0.001
4.01 0.729 0.    0.45  0.5   0.099 0.5   0.516 0.114 0.508  1.    -0.02  -0.016-0.02  -1.     0.015-0.016 -0.015 -1.     0.    -0.076 -0.001
4.02 0.729 0.    0.45  0.5   0.098 0.5   0.516 0.113 0.508  1.    -0.02  -0.015-0.02  -1.     0.015-0.016 -0.015 -1.    -0.    -0.076 -0.001
4.03 0.729 0.    0.45  0.5   0.097 0.5   0.516 0.112 0.508  1.    -0.02  -0.015-0.02  -1.     0.015-0.016 -0.015 -1.    -0.    -0.076 -0.001
4.04 0.729 0.    0.45  0.5   0.096 0.5   0.516 0.111 0.508  1.    -0.02  -0.015-0.02  -1.     0.015-0.015 -0.015 -1.    -0.    -0.076 -0.001
4.05 0.729 0.    0.45  0.5   0.095 0.5   0.516 0.11  0.508  1.    -0.02  -0.015-0.02  -1.     0.015-0.015 -0.015 -1.    -0.    -0.076 -0.001
4.06 0.729 0.    0.45  0.5   0.094 0.5   0.515 0.108 0.508  1.    -0.02  -0.015-0.02  -1.     0.015-0.015 -0.015 -1.    -0.    -0.076 -0.001
4.07 0.729 0.    0.45  0.5   0.093 0.5   0.515 0.107 0.508  1.    -0.02  -0.015-0.02  -1.     0.015-0.015 -0.014 -1.    -0.    -0.076 -0.001
4.08 0.729 0.    0.45  0.5   0.092 0.5   0.515 0.106 0.507  1.    -0.02  -0.015-0.02  -1.     0.015-0.015 -0.014 -1.    -0.    -0.076 -0.001
4.09 0.729 0.    0.45  0.5   0.091 0.5   0.515 0.105 0.507  1.    -0.02  -0.015-0.02  -1.     0.015-0.015 -0.014 -1.    -0.    -0.076 -0.001
4.1 0.729 0.    0.45  0.5  0.09 0.5  0.515 0.104 0.507  1.    -0.02  -0.015-0.02  -1.     0.014-0.015 -0.014 -1.    -0.    -0.076 -0.001
4.11 0.729 0.    0.45  0.5   0.089 0.5   0.515 0.103 0.507  1.    -0.02  -0.014-0.02  -1.     0.014-0.015 -0.014 -1.    -0.    -0.076 -0.001
4.12 0.729 0.    0.45  0.5   0.088 0.5   0.515 0.102 0.507  1.    -0.02  -0.014-0.02  -1.     0.014-0.015 -0.014 -1.    -0.    -0.076 -0.001
4.13 0.729 0.    0.45  0.5   0.087 0.5   0.515 0.101 0.507  1.    -0.02  -0.014-0.02  -1.     0.014-0.014 -0.014 -1.    -0.    -0.076 -0.001
4.14 0.729 0.    0.45  0.5   0.086 0.5   0.514 0.1   0.507  1.    -0.02  -0.014-0.02  -1.     0.014-0.014 -0.014 -1.    -0.001 -0.076 -0.001
4.15 0.729 0.    0.45  0.5   0.085 0.5   0.514 0.099 0.507  1.    -0.02  -0.014-0.02  -1.     0.014-0.014 -0.014 -1.    -0.001 -0.076 -0.001
4.16 0.729 0.    0.45  0.5   0.084 0.5   0.514 0.098 0.507  1.    -0.02  -0.014-0.02  -1.     0.014-0.014 -0.014 -1.    -0.001 -0.076 -0.001
4.17 0.729 0.    0.45  0.5   0.083 0.5   0.514 0.097 0.507  1.    -0.02  -0.014-0.02  -1.     0.014-0.014 -0.014 -1.    -0.001 -0.075 -0.001
4.18 0.729 0.    0.45  0.5   0.082 0.5   0.514 0.096 0.507  1.    -0.02  -0.014-0.02  -1.     0.014-0.014 -0.013 -1.    -0.001 -0.075 -0.001
4.19 0.729 0.    0.45  0.5   0.081 0.5   0.514 0.095 0.507  1.    -0.02  -0.014-0.019 -1.     0.014-0.014 -0.013 -1.    -0.001 -0.075 -0.001
4.2 0.729 0.    0.45  0.5  0.08 0.5  0.514 0.094 0.507  1.    -0.02  -0.013-0.019 -1.     0.014-0.014 -0.013 -1.    -0.001 -0.075 -0.001
4.21 0.729 0.    0.45  0.5   0.079 0.5   0.514 0.093 0.507  1.    -0.02  -0.013-0.019 -1.     0.013-0.014 -0.013 -1.    -0.001 -0.075 -0.001
4.22 0.729 0.    0.45  0.5   0.078 0.5   0.513 0.092 0.507  1.    -0.02  -0.013-0.019 -1.     0.013-0.014 -0.013 -1.    -0.001 -0.075 -0.001
4.23 0.729 0.    0.45  0.5   0.077 0.5   0.513 0.09  0.507  1.    -0.02  -0.013-0.019 -1.     0.013-0.013 -0.013 -1.    -0.001 -0.075 -0.001
4.24 0.729 0.    0.45  0.5   0.076 0.5   0.513 0.089 0.507  1.    -0.02  -0.013-0.019 -1.     0.013-0.013 -0.013 -1.    -0.001 -0.075 -0.001
4.25 0.729 0.    0.45  0.5   0.075 0.5   0.513 0.088 0.506  1.    -0.02  -0.013-0.019 -1.     0.013-0.013 -0.013 -1.    -0.001 -0.075 -0.001
4.26 0.729 0.    0.45  0.5   0.074 0.5   0.513 0.087 0.506  1.    -0.02  -0.013-0.019 -1.     0.013-0.013 -0.013 -1.    -0.001 -0.075 -0.001
4.27 0.729 0.    0.45  0.5   0.073 0.5   0.513 0.086 0.506  1.    -0.02  -0.013-0.019 -1.     0.013-0.013 -0.013 -1.    -0.001 -0.075 -0.001
4.28 0.729 0.    0.45  0.5   0.072 0.5   0.513 0.085 0.506  1.    -0.02  -0.013-0.019 -1.     0.013-0.013 -0.013 -1.    -0.001 -0.075 -0.001
4.29 0.729 0.    0.45  0.5   0.071 0.5   0.513 0.084 0.506  1.    -0.02  -0.013-0.019 -1.     0.013-0.013 -0.013 -1.    -0.001 -0.075 -0.001
4.3 0.729 0.    0.45  0.5  0.07 0.5  0.513 0.083 0.506  1.    -0.02  -0.012-0.019 -1.     0.013-0.013 -0.012 -1.    -0.001 -0.075 -0.001
4.31 0.729 0.    0.45  0.5   0.069 0.5   0.512 0.082 0.506  1.    -0.02  -0.012-0.019 -1.     0.013-0.013 -0.012 -1.    -0.001 -0.075 -0.001
4.32 0.729 0.    0.45  0.5   0.068 0.5   0.512 0.081 0.506  1.    -0.02  -0.012-0.019 -1.     0.013-0.012 -0.012 -1.    -0.001 -0.075 -0.001
4.33 0.729 0.    0.45  0.5   0.067 0.5   0.512 0.08  0.506  1.    -0.019 -0.012-0.019 -1.     0.012-0.012 -0.012 -1.    -0.001 -0.075 -0.001
4.34 0.729 0.    0.45  0.5   0.066 0.5   0.512 0.079 0.506  1.    -0.019 -0.012-0.019 -1.     0.012-0.012 -0.012 -1.    -0.001 -0.075 -0.001
4.35 0.729 0.    0.45  0.5   0.065 0.5   0.512 0.078 0.506  1.    -0.019 -0.012-0.019 -1.     0.012-0.012 -0.012 -1.    -0.001 -0.075 -0.001
4.36 0.729 0.    0.45  0.5   0.064 0.5   0.512 0.077 0.506  1.    -0.019 -0.012-0.019 -1.     0.012-0.012 -0.012 -1.    -0.001 -0.075 -0.001
4.37 0.729 0.    0.45  0.5   0.063 0.5   0.512 0.076 0.506  1.    -0.019 -0.012-0.019 -1.     0.012-0.012 -0.012 -1.    -0.001 -0.074 -0.001
4.38 0.729 0.    0.45  0.5   0.062 0.5   0.512 0.075 0.506  1.    -0.019 -0.012-0.019 -1.     0.012-0.012 -0.012 -1.    -0.001 -0.074 -0.001
4.39 0.729 0.    0.45  0.5   0.061 0.5   0.511 0.074 0.506  1.    -0.019 -0.012-0.019 -1.     0.012-0.012 -0.012 -1.    -0.001 -0.074 -0.001
4.4 0.729 0.    0.45  0.5  0.06 0.5  0.511 0.073 0.506  1.    -0.019 -0.011-0.019 -1.     0.012-0.012 -0.012 -1.    -0.002 -0.074 -0.001
4.41 0.729 0.    0.45  0.5   0.059 0.5   0.511 0.072 0.506  1.    -0.019 -0.011-0.019 -1.     0.012-0.012 -0.012 -1.    -0.002 -0.074 -0.001
4.42 0.729 0.    0.45  0.5   0.058 0.5   0.511 0.071 0.506  1.    -0.019 -0.011-0.019 -1.     0.012-0.011 -0.012 -1.    -0.002 -0.074 -0.001
4.43 0.729 0.    0.45  0.5   0.057 0.5   0.511 0.07  0.505  1.    -0.019 -0.011-0.019 -1.     0.012-0.011 -0.012 -1.    -0.002 -0.074 -0.001
4.44 0.729 0.    0.45  0.5   0.056 0.5   0.511 0.068 0.505  1.    -0.019 -0.011-0.019 -1.     0.012-0.011 -0.011 -1.    -0.002 -0.074 -0.001
4.45 0.729 0.    0.45  0.5   0.055 0.5   0.511 0.067 0.505  1.    -0.019 -0.011-0.019 -1.     0.012-0.011 -0.011 -1.    -0.002 -0.074 -0.001
4.46 0.729 0.    0.45  0.5   0.054 0.5   0.511 0.066 0.505  1.    -0.019 -0.011-0.019 -1.     0.012-0.011 -0.011 -1.    -0.002 -0.074 -0.001
4.47 0.729 0.    0.45  0.5   0.053 0.5   0.511 0.065 0.505  1.    -0.019 -0.011-0.019 -1.     0.011-0.011 -0.011 -1.    -0.002 -0.074 -0.001
4.48 0.729 0.    0.45  0.5   0.052 0.5   0.51  0.064 0.505  1.    -0.019 -0.011-0.019 -1.     0.011-0.011 -0.011 -1.    -0.002 -0.074 -0.001
4.49 0.729 0.    0.45  0.5   0.051 0.5   0.51  0.063 0.505  1.    -0.019 -0.011-0.019 -1.     0.011-0.011 -0.011 -1.    -0.002 -0.074 -0.001
4.5 0.729 0.    0.45  0.5  0.05 0.5  0.51  0.062 0.505  1.    -0.019 -0.011-0.019 -1.     0.011-0.011 -0.011 -1.    -0.002 -0.074 -0.001
4.51 0.729 0.    0.45  0.5   0.049 0.5   0.51  0.061 0.505  1.    -0.019 -0.01 -0.019 -1.     0.011-0.011 -0.011 -1.    -0.002 -0.074 -0.001
4.52 0.729 0.    0.45  0.5   0.048 0.5   0.51  0.06  0.505  1.    -0.019 -0.01 -0.019 -1.     0.011-0.011 -0.011 -1.    -0.002 -0.074 -0.001
4.53 0.729 0.    0.45  0.5   0.047 0.5   0.51  0.059 0.505  1.    -0.019 -0.01 -0.019 -1.     0.011-0.01  -0.011 -1.    -0.002 -0.074 -0.001
4.54 0.729 0.    0.45  0.5   0.046 0.5   0.51  0.058 0.505  1.    -0.019 -0.01 -0.019 -1.     0.011-0.01  -0.011 -1.    -0.002 -0.074 -0.001
4.55 0.729 0.    0.45  0.5   0.045 0.5   0.51  0.057 0.505  1.    -0.019 -0.01 -0.019 -1.     0.011-0.01  -0.011 -1.    -0.002 -0.074 -0.001
4.56 0.729 0.    0.45  0.5   0.044 0.5   0.51  0.056 0.505  1.    -0.019 -0.01 -0.019 -1.     0.011-0.01  -0.011 -1.    -0.002 -0.074 -0.001
4.57 0.729 0.    0.45  0.5   0.043 0.5   0.51  0.055 0.505  1.    -0.019 -0.01 -0.019 -1.     0.011-0.01  -0.011 -1.    -0.002 -0.073 -0.001
4.58 0.729 0.    0.45  0.5   0.042 0.5   0.509 0.054 0.505  1.    -0.019 -0.01 -0.019 -1.     0.011-0.01  -0.011 -1.    -0.002 -0.073 -0.001
4.59 0.729 0.    0.45  0.5   0.041 0.5   0.509 0.053 0.505  1.    -0.019 -0.01 -0.019 -1.     0.011-0.01  -0.011 -1.    -0.002 -0.073 -0.001
4.6 0.729 0.    0.45  0.5  0.04 0.5  0.509 0.052 0.505  1.    -0.019 -0.01 -0.019 -1.     0.011-0.01 -0.01 -1.   -0.002 -0.073 -0.001
4.61 0.729 0.    0.45  0.5   0.039 0.5   0.509 0.051 0.505  1.    -0.019 -0.01 -0.019 -1.     0.011-0.01 -0.01 -1.   -0.002 -0.073 -0.001
4.62 0.729 0.    0.45  0.5   0.038 0.5   0.509 0.05  0.505  1.    -0.019 -0.009-0.019 -1.     0.011-0.01 -0.01 -1.   -0.002 -0.073 -0.001
4.63 0.729 0.    0.45  0.5   0.037 0.5   0.509 0.049 0.505  1.    -0.019 -0.009-0.019 -1.     0.01 -0.01 -0.01 -1.   -0.002 -0.073 -0.001
4.64 0.729 0.    0.45  0.5   0.036 0.5   0.509 0.048 0.504  1.    -0.019 -0.009-0.019 -1.     0.01 -0.009 -0.01  -1.    -0.002 -0.073 -0.001
4.65 0.729 0.    0.45  0.5   0.035 0.5   0.509 0.047 0.504  1.    -0.019 -0.009-0.019 -1.     0.01 -0.009 -0.01  -1.    -0.003 -0.073 -0.001
4.66 0.729 0.    0.45  0.5   0.034 0.5   0.509 0.046 0.504  1.    -0.019 -0.009-0.019 -1.     0.01 -0.009 -0.01  -1.    -0.003 -0.073 -0.001
4.67 0.729 0.    0.45  0.5   0.033 0.5   0.508 0.045 0.504  1.    -0.019 -0.009-0.019 -1.     0.01 -0.009 -0.01  -1.    -0.003 -0.073 -0.001
4.68 0.729 0.    0.45  0.5   0.032 0.5   0.508 0.044 0.504  1.    -0.019 -0.009-0.019 -1.     0.01 -0.009 -0.01  -1.    -0.003 -0.073 -0.001
4.69 0.729 0.    0.45  0.5   0.031 0.5   0.508 0.043 0.504  1.    -0.019 -0.009-0.019 -1.     0.01 -0.009 -0.01  -1.    -0.003 -0.073 -0.001
4.7 0.729 0.    0.45  0.5  0.03 0.5  0.508 0.042 0.504  1.    -0.019 -0.009-0.019 -1.     0.01 -0.009 -0.01  -1.    -0.003 -0.073 -0.001
4.71 0.729 0.    0.45  0.5   0.029 0.5   0.508 0.041 0.504  1.    -0.019 -0.009-0.019 -1.     0.01 -0.009 -0.01  -1.    -0.003 -0.073 -0.001
4.72 0.729 0.    0.45  0.5   0.028 0.5   0.508 0.04  0.504  1.    -0.019 -0.009-0.019 -1.     0.01 -0.009 -0.01  -1.    -0.003 -0.073 -0.001
4.73 0.729 0.    0.45  0.5   0.027 0.5   0.508 0.039 0.504  1.    -0.019 -0.008-0.019 -1.     0.01 -0.009 -0.01  -1.    -0.003 -0.073 -0.001
4.74 0.729 0.    0.45  0.5   0.026 0.5   0.508 0.037 0.504  1.    -0.019 -0.008-0.019 -1.     0.01 -0.009 -0.01  -1.    -0.003 -0.073 -0.   
4.75 0.729 0.    0.45  0.5   0.025 0.5   0.508 0.036 0.504  1.    -0.019 -0.008-0.019 -1.     0.01 -0.008 -0.01  -1.    -0.003 -0.073 -0.   
4.76 0.729 0.    0.45  0.5   0.024 0.5   0.508 0.035 0.504  1.    -0.019 -0.008-0.019 -1.     0.01 -0.008 -0.01  -1.    -0.003 -0.073 -0.   
4.77 0.729 0.    0.45  0.5   0.023 0.5   0.508 0.034 0.504  1.    -0.019 -0.008-0.019 -1.     0.01 -0.008 -0.01  -1.    -0.003 -0.073 -0.   
4.78 0.729 0.    0.45  0.5   0.022 0.5   0.507 0.033 0.504  1.    -0.019 -0.008-0.019 -1.     0.01 -0.008 -0.01  -1.    -0.003 -0.072 -0.   
4.79 0.729 0.    0.45  0.5   0.021 0.5   0.507 0.032 0.504  1.    -0.019 -0.008-0.019 -1.     0.01 -0.008 -0.01  -1.    -0.003 -0.072 -0.   
4.8 0.729 0.    0.45  0.5  0.02 0.5  0.507 0.031 0.504  1.    -0.019 -0.008-0.019 -1.     0.01 -0.008 -0.01  -1.    -0.003 -0.072 -0.   
4.81 0.729 0.    0.45  0.5   0.019 0.5   0.507 0.03  0.504  1.    -0.019 -0.008-0.019 -1.     0.01 -0.008 -0.009 -1.    -0.003 -0.072 -0.   
4.82 0.729 0.    0.45  0.5   0.018 0.5   0.507 0.029 0.504  1.    -0.019 -0.008-0.019 -1.     0.01 -0.008 -0.009 -1.    -0.003 -0.072 -0.   
4.83 0.729 0.    0.45  0.5   0.017 0.5   0.507 0.028 0.504  1.    -0.019 -0.008-0.019 -1.     0.01 -0.008 -0.009 -1.    -0.003 -0.072 -0.   
4.84 0.729 0.    0.45  0.5   0.016 0.5   0.507 0.027 0.504  1.    -0.019 -0.008-0.019 -1.     0.01 -0.008 -0.009 -1.    -0.003 -0.072 -0.   
4.85 0.729 0.    0.45  0.5   0.015 0.5   0.507 0.026 0.504  1.    -0.019 -0.007-0.019 -1.     0.009-0.008 -0.009 -1.    -0.003 -0.072 -0.   
4.86 0.729 0.    0.45  0.5   0.014 0.5   0.507 0.025 0.504  1.    -0.019 -0.007-0.019 -1.     0.009-0.008 -0.009 -1.    -0.003 -0.072 -0.   
4.87 0.729 0.    0.45  0.5   0.013 0.5   0.507 0.024 0.503  1.    -0.019 -0.007-0.019 -1.     0.009-0.007 -0.009 -1.    -0.003 -0.072 -0.   
4.88 0.729 0.    0.45  0.5   0.012 0.5   0.506 0.023 0.503  1.    -0.019 -0.007-0.019 -1.     0.009-0.007 -0.009 -1.    -0.003 -0.072 -0.   
4.89 0.729 0.    0.45  0.5   0.011 0.5   0.506 0.022 0.503  1.    -0.019 -0.007-0.019 -1.     0.009-0.007 -0.009 -1.    -0.003 -0.072 -0.   
4.9 0.729 0.    0.45  0.5  0.01 0.5  0.506 0.021 0.503  1.    -0.019 -0.007-0.019 -1.     0.009-0.007 -0.009 -1.    -0.003 -0.072 -0.   
4.91 0.729 0.    0.45  0.5   0.009 0.5   0.506 0.02  0.503  1.    -0.019 -0.007-0.019 -1.     0.009-0.007 -0.009 -1.    -0.004 -0.072 -0.   
4.92 0.729 0.    0.45  0.5   0.008 0.5   0.506 0.019 0.503  1.    -0.019 -0.007-0.019 -1.     0.009-0.007 -0.009 -1.    -0.004 -0.072 -0.   
4.93 0.729 0.    0.45  0.5   0.007 0.5   0.506 0.018 0.503  1.    -0.019 -0.007-0.019 -1.     0.009-0.007 -0.009 -1.    -0.004 -0.072 -0.   
4.94 0.729 0.    0.45  0.5   0.006 0.5   0.506 0.017 0.503  1.    -0.019 -0.007-0.019 -1.     0.009-0.007 -0.009 -1.    -0.004 -0.072 -0.   
4.95 0.729 0.    0.45  0.5   0.005 0.5   0.506 0.016 0.503  1.    -0.019 -0.007-0.019 -1.     0.009-0.007 -0.009 -1.    -0.004 -0.072 -0.   
4.96 0.729 0.    0.45  0.5   0.004 0.5   0.506 0.015 0.503  1.    -0.019 -0.007-0.019 -1.     0.009-0.007 -0.009 -1.    -0.004 -0.072 -0.   
4.97 0.729 0.    0.45  0.5   0.003 0.5   0.506 0.014 0.503  1.    -0.019 -0.007-0.019 -1.     0.009-0.007 -0.009 -1.    -0.004 -0.072 -0.   
4.98 0.729 0.    0.45  0.5   0.002 0.5   0.506 0.013 0.503  1.    -0.019 -0.006-0.019 -1.     0.009-0.007 -0.009 -1.    -0.004 -0.072 -0.   
4.99 0.729 0.    0.45  0.5   0.001 0.5   0.505 0.012 0.503  1.    -0.019 -0.006-0.019 -1.     0.009-0.007 -0.009 -1.    -0.004 -0.072 -0.   
5.0 0.729 0.    0.45  0.5 0.  0.5 0.505 0.011 0.503  1.    -0.019 -0.006-0.019 -1.     0.009-0.006 -0.009 -1.    -0.004 -0.072 -0.   
5.01 0.729 0.    0.45   0.5   -0.001  0.5   0.505 0.01  0.503  1.    -0.019 -0.006-0.019 -1.     0.009-0.006 -0.009 -1.    -0.004 -0.071 -0.   
5.02 0.729 0.    0.45   0.5   -0.002  0.5   0.505 0.009 0.503  1.    -0.019 -0.006-0.019 -1.     0.009-0.006 -0.009 -1.    -0.004 -0.071 -0.   
5.03 0.729 0.    0.45   0.5   -0.003  0.5   0.505 0.008 0.503  1.    -0.019 -0.006-0.019 -1.     0.009-0.006 -0.009 -1.    -0.004 -0.071 -0.   
5.04 0.729 0.    0.45   0.5   -0.004  0.5   0.505 0.007 0.503  1.    -0.019 -0.006-0.019 -1.     0.009-0.006 -0.009 -1.    -0.004 -0.071 -0.   
5.05 0.729 0.    0.45   0.5   -0.005  0.5   0.505 0.006 0.503  1.    -0.019 -0.006-0.019 -1.     0.009-0.006 -0.009 -1.    -0.004 -0.071 -0.   
5.06 0.729 0.    0.45   0.5   -0.006  0.5   0.505 0.005 0.503  1.    -0.019 -0.006-0.019 -1.     0.009-0.006 -0.009 -1.    -0.004 -0.071 -0.   
5.07 0.729 0.    0.45   0.5   -0.007  0.5   0.505 0.004 0.503  1.    -0.019 -0.006-0.019 -1.     0.009-0.006 -0.009 -1.    -0.004 -0.071 -0.   
5.08 0.729 0.    0.45   0.5   -0.008  0.5   0.505 0.003 0.503  1.    -0.019 -0.006-0.019 -1.     0.009-0.006 -0.009 -1.    -0.004 -0.071 -0.   
5.09 0.729 0.    0.45   0.5   -0.009  0.5   0.505 0.002 0.503  1.    -0.019 -0.006-0.019 -1.     0.009-0.006 -0.009 -1.    -0.004 -0.071 -0.   
5.1 0.729 0.    0.45   0.5  -0.01  0.5  0.504 0.001 0.503  1.    -0.019 -0.006-0.019 -1.     0.009-0.006 -0.009 -1.    -0.004 -0.071 -0.   
5.11 0.729 0.    0.45   0.5   -0.011  0.5    0.504 -0.     0.503  1.    -0.019 -0.006-0.019 -1.     0.009-0.006 -0.009 -1.    -0.004 -0.071 -0.   
5.12 0.729 0.    0.45   0.5   -0.012  0.5    0.504 -0.001  0.503  1.    -0.019 -0.005-0.019 -1.     0.009-0.006 -0.009 -1.    -0.004 -0.071 -0.   
5.13 0.729 0.    0.45   0.5   -0.013  0.5    0.504 -0.002  0.502  1.    -0.019 -0.005-0.019 -1.     0.009-0.006 -0.008 -1.    -0.004 -0.071 -0.   
5.14 0.729 0.    0.45   0.5   -0.014  0.5    0.504 -0.003  0.502  1.    -0.019 -0.005-0.019 -1.     0.009-0.005 -0.008 -1.    -0.004 -0.071 -0.   
5.15 0.729 0.    0.45   0.5   -0.015  0.5    0.504 -0.004  0.502  1.    -0.019 -0.005-0.019 -1.     0.009-0.005 -0.008 -1.    -0.004 -0.071 -0.   
5.16 0.729 0.    0.45   0.5   -0.016  0.5    0.504 -0.005  0.502  1.    -0.019 -0.005-0.019 -1.     0.009-0.005 -0.008 -1.    -0.004 -0.071 -0.   
5.17 0.729 0.    0.45   0.5   -0.017  0.5    0.504 -0.006  0.502  1.    -0.019 -0.005-0.019 -1.     0.009-0.005 -0.008 -1.    -0.005 -0.071 -0.   
5.18 0.729 0.    0.45   0.5   -0.018  0.5    0.504 -0.007  0.502  1.    -0.019 -0.005-0.019 -1.     0.008-0.005 -0.008 -1.    -0.005 -0.071 -0.   
5.19 0.729 0.    0.45   0.5   -0.019  0.5    0.504 -0.008  0.502  1.    -0.019 -0.005-0.019 -1.     0.008-0.005 -0.008 -1.    -0.005 -0.071 -0.   
5.2 0.729 0.    0.45   0.5  -0.02  0.5   0.504 -0.009  0.502  1.    -0.019 -0.005-0.019 -1.     0.008-0.005 -0.008 -1.    -0.005 -0.071 -0.   
5.21 0.729 0.    0.45   0.5   -0.021  0.5    0.504 -0.01   0.502  1.    -0.019 -0.005-0.019 -1.     0.008-0.005 -0.008 -1.    -0.005 -0.071 -0.   
5.22 0.729 0.    0.45   0.5   -0.022  0.5    0.503 -0.011  0.502  1.    -0.019 -0.005-0.018 -1.     0.008-0.005 -0.008 -1.    -0.005 -0.071 -0.   
5.23 0.729 0.    0.45   0.5   -0.023  0.5    0.503 -0.012  0.502  1.    -0.019 -0.005-0.018 -1.     0.008-0.005 -0.008 -1.    -0.005 -0.071 -0.   
5.24 0.729 0.    0.45   0.5   -0.024  0.5    0.503 -0.013  0.502  1.    -0.019 -0.005-0.018 -1.     0.008-0.005 -0.008 -1.    -0.005 -0.071 -0.   
5.25 0.729 0.    0.45   0.5   -0.025  0.5    0.503 -0.014  0.502  1.    -0.019 -0.005-0.018 -1.     0.008-0.005 -0.008 -1.    -0.005 -0.071 -0.   
5.26 0.729 0.    0.45   0.5   -0.026  0.5    0.503 -0.015  0.502  1.    -0.019 -0.004-0.018 -1.     0.008-0.005 -0.008 -1.    -0.005 -0.071 -0.   
5.27 0.729 0.    0.45   0.5   -0.027  0.5    0.503 -0.016  0.502  1.    -0.018 -0.004-0.018 -1.     0.008-0.005 -0.008 -1.    -0.005 -0.07  -0.   
5.28 0.729 0.    0.45   0.5   -0.028  0.5    0.503 -0.017  0.502  1.    -0.018 -0.004-0.018 -1.     0.008-0.004 -0.008 -1.    -0.005 -0.07  -0.   
5.29 0.729 0.    0.45   0.5   -0.029  0.5    0.503 -0.018  0.502  1.    -0.018 -0.004-0.018 -1.     0.008-0.004 -0.008 -1.    -0.005 -0.07  -0.   
5.3 0.729 0.    0.45   0.5  -0.03  0.5   0.503 -0.019  0.502  1.    -0.018 -0.004-0.018 -1.     0.008-0.004 -0.008 -1.    -0.005 -0.07  -0.   
5.31 0.729 0.    0.45   0.5   -0.031  0.5    0.503 -0.02   0.502  1.    -0.018 -0.004-0.018 -1.     0.008-0.004 -0.008 -1.    -0.005 -0.07  -0.   
5.32 0.729 0.    0.45   0.5   -0.032  0.5    0.503 -0.021  0.502  1.    -0.018 -0.004-0.018 -1.     0.008-0.004 -0.008 -1.    -0.005 -0.07  -0.   
5.33 0.729 0.    0.45   0.5   -0.033  0.5    0.503 -0.022  0.502  1.    -0.018 -0.004-0.018 -1.     0.008-0.004 -0.008 -1.    -0.005 -0.07  -0.   
5.34 0.729 0.    0.45   0.5   -0.034  0.5    0.502 -0.023  0.502  1.    -0.018 -0.004-0.018 -1.     0.008-0.004 -0.008 -1.    -0.005 -0.07  -0.   
5.35 0.729 0.    0.45   0.5   -0.035  0.5    0.502 -0.024  0.502  1.    -0.018 -0.004-0.018 -1.     0.008-0.004 -0.008 -1.    -0.005 -0.07  -0.   
5.36 0.729 0.    0.45   0.5   -0.036  0.5    0.502 -0.025  0.502  1.    -0.018 -0.004-0.018 -1.     0.008-0.004 -0.008 -1.    -0.005 -0.07  -0.   
5.37 0.729 0.    0.45   0.5   -0.037  0.5    0.502 -0.026  0.502  1.    -0.018 -0.004-0.018 -1.     0.008-0.004 -0.008 -1.    -0.005 -0.07  -0.   
5.38 0.729 0.    0.45   0.5   -0.038  0.5    0.502 -0.027  0.502  1.    -0.018 -0.004-0.018 -1.     0.008-0.004 -0.008 -1.    -0.005 -0.07  -0.   
5.39 0.729 0.    0.45   0.5   -0.039  0.5    0.502 -0.028  0.502  1.    -0.018 -0.004-0.018 -1.     0.008-0.004 -0.008 -1.    -0.005 -0.07  -0.   
5.4 0.729 0.    0.45   0.5  -0.04  0.5   0.502 -0.029  0.502  1.    -0.018 -0.004-0.018 -1.     0.008-0.004 -0.008 -1.    -0.005 -0.07  -0.   
5.41 0.729 0.    0.45   0.5   -0.041  0.5    0.502 -0.03   0.502  1.    -0.018 -0.003-0.018 -1.     0.008-0.004 -0.008 -1.    -0.005 -0.07  -0.   
5.42 0.729 0.    0.45   0.5   -0.042  0.5    0.502 -0.031  0.502  1.    -0.018 -0.003-0.018 -1.     0.008-0.004 -0.008 -1.    -0.005 -0.07  -0.   
5.43 0.729 0.    0.45   0.5   -0.043  0.5    0.502 -0.032  0.501  1.    -0.018 -0.003-0.018 -1.     0.008-0.003 -0.008 -1.    -0.006 -0.07  -0.   
5.44 0.729 0.    0.45   0.5   -0.044  0.5    0.502 -0.033  0.501  1.    -0.018 -0.003-0.018 -1.     0.008-0.003 -0.008 -1.    -0.006 -0.07  -0.   
5.45 0.729 0.    0.45   0.5   -0.045  0.5    0.502 -0.034  0.501  1.    -0.018 -0.003-0.018 -1.     0.008-0.003 -0.008 -1.    -0.006 -0.07  -0.   
5.46 0.729 0.    0.45   0.5   -0.046  0.5    0.502 -0.035  0.501  1.    -0.018 -0.003-0.018 -1.     0.008-0.003 -0.008 -1.    -0.006 -0.07  -0.   
5.47 0.729 0.    0.45   0.5   -0.047  0.5    0.501 -0.036  0.501  1.    -0.018 -0.003-0.018 -1.     0.008-0.003 -0.008 -1.    -0.006 -0.07  -0.   
5.48 0.729 0.    0.45   0.5   -0.048  0.5    0.501 -0.037  0.501  1.    -0.018 -0.003-0.018 -1.     0.008-0.003 -0.008 -1.    -0.006 -0.07  -0.   
5.49 0.729 0.    0.45   0.5   -0.049  0.5    0.501 -0.038  0.501  1.    -0.018 -0.003-0.018 -1.     0.008-0.003 -0.008 -1.    -0.006 -0.07  -0.   
5.5 0.729 0.    0.45   0.5  -0.05  0.5   0.501 -0.039  0.501  1.    -0.018 -0.003-0.018 -1.     0.008-0.003 -0.008 -1.    -0.006 -0.07  -0.   
5.51 0.729 0.    0.45   0.5   -0.051  0.5    0.501 -0.04   0.501  1.    -0.018 -0.003-0.018 -1.     0.008-0.003 -0.008 -1.    -0.006 -0.07  -0.   
5.52 0.729 0.    0.45   0.5   -0.052  0.5    0.501 -0.041  0.501  1.    -0.018 -0.003-0.018 -1.     0.008-0.003 -0.008 -1.    -0.006 -0.07  -0.   
5.53 0.729 0.    0.45   0.5   -0.053  0.5    0.501 -0.042  0.501  1.    -0.018 -0.003-0.018 -1.     0.008-0.003 -0.008 -1.    -0.006 -0.07  -0.   
5.54 0.729 0.    0.45   0.5   -0.054  0.5    0.501 -0.043  0.501  1.    -0.018 -0.003-0.018 -1.     0.008-0.003 -0.008 -1.    -0.006 -0.07  -0.   
5.55 0.729 0.    0.45   0.5   -0.055  0.5    0.501 -0.044  0.501  1.    -0.018 -0.003-0.018 -1.     0.008-0.003 -0.008 -1.    -0.006 -0.07  -0.   
5.56 0.729 0.    0.45   0.5   -0.056  0.5    0.501 -0.045  0.501  1.    -0.018 -0.003-0.018 -1.     0.008-0.003 -0.008 -1.    -0.006 -0.07  -0.   
5.57 0.729 0.    0.45   0.5   -0.057  0.5    0.501 -0.046  0.501  1.    -0.018 -0.002-0.018 -1.     0.008-0.003 -0.008 -1.    -0.006 -0.069 -0.   
5.58 0.729 0.    0.45   0.5   -0.058  0.5    0.501 -0.047  0.501  1.    -0.018 -0.002-0.018 -1.     0.008-0.003 -0.008 -1.    -0.006 -0.069 -0.   
5.59 0.729 0.    0.45   0.5   -0.059  0.5    0.5   -0.048  0.501  1.    -0.018 -0.002-0.018 -1.     0.008-0.003 -0.008 -1.    -0.006 -0.069 -0.   
5.6 0.729 0.    0.45   0.5  -0.06  0.5   0.5   -0.049  0.501  1.    -0.018 -0.002-0.018 -1.     0.008-0.002 -0.008 -1.    -0.006 -0.069 -0.   
5.61 0.729 0.    0.45   0.5   -0.061  0.5    0.5   -0.05   0.501  1.    -0.018 -0.002-0.018 -1.     0.008-0.002 -0.008 -1.    -0.006 -0.069 -0.   
5.62 0.729 0.    0.45   0.5   -0.062  0.5    0.5   -0.051  0.501  1.    -0.018 -0.002-0.018 -1.     0.008-0.002 -0.008 -1.    -0.006 -0.069 -0.   
5.63 0.729 0.    0.45   0.5   -0.063  0.5    0.5   -0.052  0.501  1.    -0.018 -0.002-0.018 -1.     0.008-0.002 -0.008 -1.    -0.006 -0.069 -0.   
5.64 0.729 0.    0.45   0.5   -0.064  0.5    0.5   -0.053  0.501  1.    -0.018 -0.002-0.018 -1.     0.008-0.002 -0.008 -1.    -0.006 -0.069 -0.   
5.65 0.729 0.    0.45   0.5   -0.065  0.5    0.5   -0.054  0.501  1.    -0.018 -0.002-0.018 -1.     0.008-0.002 -0.008 -1.    -0.006 -0.069 -0.   
5.66 0.729 0.    0.45   0.5   -0.066  0.5    0.5   -0.055  0.501  1.    -0.018 -0.002-0.018 -1.     0.008-0.002 -0.008 -1.    -0.006 -0.069 -0.   
5.67 0.729 0.    0.45   0.5   -0.067  0.5    0.5   -0.056  0.501  1.    -0.018 -0.002-0.018 -1.     0.008-0.002 -0.008 -1.    -0.006 -0.069 -0.   
5.68 0.729 0.    0.45   0.5   -0.068  0.5    0.5   -0.057  0.501  1.    -0.018 -0.002-0.018 -1.     0.008-0.002 -0.008 -1.    -0.007 -0.069 -0.   
5.69 0.729 0.    0.45   0.5   -0.069  0.5    0.5   -0.058  0.501  1.    -0.018 -0.002-0.018 -1.     0.008-0.002 -0.008 -1.    -0.007 -0.069 -0.   
5.7 0.729 0.    0.45   0.5  -0.07  0.5   0.5   -0.059  0.501  1.    -0.018 -0.002-0.018 -1.     0.008-0.002 -0.008 -1.    -0.007 -0.069 -0.   
5.71 0.729 0.    0.45   0.5   -0.071  0.5    0.5   -0.06   0.501  1.    -0.018 -0.002-0.018 -1.     0.008-0.002 -0.008 -1.    -0.007 -0.069 -0.   
5.72 0.729 0.    0.45   0.5   -0.072  0.5    0.5   -0.061  0.501  1.    -0.018 -0.002-0.018 -1.     0.008-0.002 -0.008 -1.    -0.007 -0.069 -0.   
5.73 0.729 0.    0.45   0.5   -0.073  0.5    0.499 -0.062  0.501  1.    -0.018 -0.002-0.018 -1.     0.008-0.002 -0.008 -1.    -0.007 -0.069 -0.   
5.74 0.729 0.    0.45   0.5   -0.074  0.5    0.499 -0.063  0.501  1.    -0.018 -0.002-0.018 -1.     0.008-0.002 -0.008 -1.    -0.007 -0.069 -0.   
5.75 0.729 0.    0.45   0.5   -0.075  0.5    0.499 -0.064  0.501  1.    -0.018 -0.001-0.018 -1.     0.008-0.002 -0.008 -1.    -0.007 -0.069 -0.   
5.76 0.729 0.    0.45   0.5   -0.076  0.5    0.499 -0.065  0.501  1.    -0.018 -0.001-0.018 -1.     0.008-0.002 -0.008 -1.    -0.007 -0.069 -0.   
5.77 0.729 0.    0.45   0.5   -0.077  0.5    0.499 -0.066  0.5    1.    -0.018 -0.001-0.018 -1.     0.008-0.002 -0.008 -1.    -0.007 -0.069 -0.   
5.78 0.729 0.    0.45   0.5   -0.078  0.5    0.499 -0.067  0.5    1.    -0.018 -0.001-0.018 -1.     0.008-0.001 -0.008 -1.    -0.007 -0.069 -0.   
5.79 0.729 0.    0.45   0.5   -0.079  0.5    0.499 -0.068  0.5    1.    -0.018 -0.001-0.018 -1.     0.008-0.001 -0.008 -1.    -0.007 -0.069 -0.   
5.8 0.729 0.    0.45   0.5  -0.08  0.5   0.499 -0.069  0.5    1.    -0.018 -0.001-0.018 -1.     0.008-0.001 -0.008 -1.    -0.007 -0.069 -0.   
5.81 0.729 0.    0.45   0.5   -0.081  0.5    0.499 -0.07   0.5    1.    -0.018 -0.001-0.018 -1.     0.008-0.001 -0.008 -1.    -0.007 -0.069 -0.   
5.82 0.729 0.    0.45   0.5   -0.082  0.5    0.499 -0.071  0.5    1.    -0.018 -0.001-0.018 -1.     0.008-0.001 -0.008 -1.    -0.007 -0.069 -0.   
5.83 0.729 0.    0.45   0.5   -0.083  0.5    0.499 -0.072  0.5    1.    -0.018 -0.001-0.018 -1.     0.008-0.001 -0.008 -1.    -0.007 -0.069 -0.   
5.84 0.729 0.    0.45   0.5   -0.084  0.5    0.499 -0.073  0.5    1.    -0.018 -0.001-0.018 -1.     0.008-0.001 -0.008 -1.    -0.007 -0.069 -0.   
5.85 0.729 0.    0.45   0.5   -0.085  0.5    0.499 -0.074  0.5    1.    -0.018 -0.001-0.018 -1.     0.008-0.001 -0.008 -1.    -0.007 -0.069 -0.   
5.86 0.729 0.    0.45   0.5   -0.086  0.5    0.499 -0.075  0.5    1.    -0.018 -0.001-0.018 -1.     0.008-0.001 -0.008 -1.    -0.007 -0.069 -0.   
5.87 0.729 0.    0.45   0.5   -0.087  0.5    0.498 -0.076  0.5    1.    -0.018 -0.001-0.018 -1.     0.008-0.001 -0.008 -1.    -0.007 -0.069 -0.   
5.88 0.729 0.    0.45   0.5   -0.088  0.5    0.498 -0.077  0.5    1.    -0.018 -0.001-0.018 -1.     0.008-0.001 -0.008 -1.    -0.007 -0.069 -0.   
5.89 0.729 0.    0.45   0.5   -0.089  0.5    0.498 -0.078  0.5    1.    -0.018 -0.001-0.018 -1.     0.008-0.001 -0.008 -1.    -0.007 -0.069 -0.   
5.9 0.729 0.    0.45   0.5  -0.09  0.5   0.498 -0.079  0.5    1.    -0.018 -0.001-0.018 -1.     0.008-0.001 -0.008 -1.    -0.007 -0.069 -0.   
5.91 0.729 0.    0.45   0.5   -0.091  0.5    0.498 -0.08   0.5    1.    -0.018 -0.001-0.018 -1.     0.008-0.001 -0.008 -1.    -0.007 -0.069 -0.   
5.92 0.729 0.    0.45   0.5   -0.092  0.5    0.498 -0.081  0.5    1.    -0.018 -0.001-0.018 -1.     0.008-0.001 -0.008 -1.    -0.007 -0.069 -0.   
5.93 0.729 0.    0.45   0.5   -0.093  0.5    0.498 -0.082  0.5    1.    -0.018 -0.001-0.018 -1.     0.008-0.001 -0.008 -1.    -0.008 -0.069 -0.   
5.94 0.729 0.    0.45   0.5   -0.094  0.5    0.498 -0.083  0.5    1.    -0.018 -0.   -0.018 -1.     0.008-0.001 -0.008 -1.    -0.008 -0.069 -0.   
5.95 0.729 0.    0.45   0.5   -0.095  0.5    0.498 -0.084  0.5    1.    -0.018 -0.   -0.018 -1.     0.008-0.001 -0.008 -1.    -0.008 -0.068 -0.   
5.96 0.729 0.    0.45   0.5   -0.096  0.5    0.498 -0.085  0.5    1.    -0.018 -0.   -0.018 -1.     0.008-0.001 -0.008 -1.    -0.008 -0.068 -0.   
5.97 0.729 0.    0.45   0.5   -0.097  0.5    0.498 -0.086  0.5    1.    -0.018 -0.   -0.018 -1.     0.009-0.    -0.008 -1.    -0.008 -0.068 -0.   
5.98 0.729 0.    0.45   0.5   -0.098  0.5    0.498 -0.087  0.5    1.    -0.018 -0.   -0.018 -1.     0.009-0.    -0.009 -1.    -0.008 -0.068 -0.   
5.99 0.729 0.    0.45   0.5   -0.099  0.5    0.498 -0.088  0.5    1.    -0.018 -0.   -0.018 -1.     0.009-0.    -0.009 -1.    -0.008 -0.068 -0.   
6.0 0.729 0.    0.45   0.5 -0.1  0.5  0.498 -0.089  0.5    1.    -0.018 -0.   -0.018 -1.     0.009-0.    -0.009 -1.    -0.008 -0.068 -0.   
6.01 0.729 0.    0.45   0.5   -0.101  0.5    0.497 -0.09   0.5    1.    -0.018 -0.   -0.018 -1.     0.009-0.    -0.009 -1.    -0.008 -0.068 -0.   
6.02 0.729 0.    0.45   0.5   -0.102  0.5    0.497 -0.091  0.5    1.    -0.018 -0.   -0.018 -1.     0.009-0.    -0.009 -1.    -0.008 -0.068 -0.   
6.03 0.729 0.    0.45   0.5   -0.103  0.5    0.497 -0.092  0.5    1.    -0.018 -0.   -0.018 -1.     0.009-0.    -0.009 -1.    -0.008 -0.068 -0.   
6.04 0.729 0.    0.45   0.5   -0.104  0.5    0.497 -0.093  0.5    1.    -0.018  0.   -0.018 -1.     0.009-0.    -0.009 -1.    -0.008 -0.068 -0.   
6.05 0.729 0.    0.45   0.5   -0.105  0.5    0.497 -0.094  0.5    1.    -0.018  0.   -0.018 -1.     0.009-0.    -0.009 -1.    -0.008 -0.068 -0.   
6.06 0.729 0.    0.45   0.5   -0.106  0.5    0.497 -0.095  0.5    1.    -0.018  0.   -0.018 -1.     0.009-0.    -0.009 -1.    -0.008 -0.068 -0.   
6.07 0.729 0.    0.45   0.5   -0.107  0.5    0.497 -0.096  0.5    1.    -0.018  0.   -0.018 -1.     0.009 0.    -0.009 -1.    -0.008 -0.068 -0.   
6.08 0.729 0.    0.45   0.5   -0.108  0.5    0.497 -0.097  0.5    1.    -0.018  0.   -0.018 -1.     0.009 0.    -0.009 -1.    -0.008 -0.068 -0.   
6.09 0.729 0.    0.45   0.5   -0.109  0.5    0.497 -0.098  0.5    1.    -0.018  0.   -0.018 -1.     0.009 0.    -0.009 -1.    -0.008 -0.068 -0.   
6.1 0.729 0.    0.45   0.5  -0.11  0.5   0.497 -0.099  0.5    1.    -0.018  0.   -0.018 -1.     0.009 0.    -0.009 -1.    -0.008 -0.068 -0.   
6.11 0.729 0.    0.45   0.5   -0.111  0.5    0.497 -0.1    0.5    1.    -0.018  0.   -0.018 -1.     0.009 0.    -0.009 -1.    -0.008 -0.068 -0.   
6.12 0.729 0.    0.45   0.5   -0.112  0.5    0.497 -0.101  0.5    1.    -0.018  0.   -0.018 -1.     0.009 0.    -0.009 -1.    -0.008 -0.068 -0.   
6.13 0.729 0.    0.45   0.5   -0.113  0.5    0.497 -0.102  0.5    1.    -0.018  0.   -0.018 -1.     0.009 0.    -0.009 -1.    -0.008 -0.068 -0.   
6.14 0.729 0.    0.45   0.5   -0.114  0.5    0.497 -0.103  0.5    1.    -0.018  0.001-0.018 -1.     0.009 0.    -0.009 -1.    -0.008 -0.068 -0.   
6.15 0.729 0.    0.45   0.5   -0.115  0.5    0.496 -0.104  0.499  1.    -0.018  0.001-0.018 -1.     0.009 0.    -0.009 -1.    -0.008 -0.068 -0.   
6.16 0.729 0.    0.45   0.5   -0.116  0.5    0.496 -0.105  0.499  1.    -0.018  0.001-0.018 -1.     0.009 0.    -0.009 -1.    -0.008 -0.068 -0.   
6.17 0.729 0.    0.45   0.5   -0.117  0.5    0.496 -0.106  0.499  1.    -0.018  0.001-0.018 -1.     0.009 0.001 -0.009 -1.    -0.009 -0.068 -0.   
6.18 0.729 0.    0.45   0.5   -0.118  0.5    0.496 -0.107  0.499  1.    -0.018  0.001-0.018 -1.     0.009 0.001 -0.009 -1.    -0.009 -0.068 -0.   
6.19 0.729 0.    0.45   0.5   -0.119  0.5    0.496 -0.108  0.499  1.    -0.018  0.001-0.018 -1.     0.009 0.001 -0.009 -1.    -0.009 -0.068 -0.   
6.2 0.729 0.    0.45   0.5  -0.12  0.5   0.496 -0.109  0.499  1.    -0.018  0.001-0.018 -1.     0.009 0.001 -0.009 -1.    -0.009 -0.068 -0.   
6.21 0.729 0.    0.45   0.5   -0.121  0.5    0.496 -0.109  0.499  1.    -0.018  0.001-0.018 -1.     0.009 0.001 -0.009 -1.    -0.009 -0.068 -0.   
6.22 0.729 0.    0.45   0.5   -0.122  0.5    0.496 -0.11   0.499  1.    -0.018  0.001-0.018 -1.     0.009 0.001 -0.009 -1.    -0.009 -0.068 -0.   
6.23 0.729 0.    0.45   0.5   -0.123  0.5    0.496 -0.111  0.499  1.    -0.018  0.001-0.018 -1.     0.009 0.001 -0.009 -1.    -0.009 -0.068 -0.   
6.24 0.729 0.    0.45   0.5   -0.124  0.5    0.496 -0.112  0.499  1.    -0.018  0.001-0.018 -1.     0.009 0.001 -0.009 -1.    -0.009 -0.068 -0.   
6.25 0.729 0.    0.45   0.5   -0.125  0.5    0.496 -0.113  0.499  1.    -0.018  0.001-0.018 -1.     0.009 0.001 -0.009 -1.    -0.009 -0.068 -0.   
6.26 0.729 0.    0.45   0.5   -0.126  0.5    0.496 -0.114  0.499  1.    -0.018  0.001-0.018 -1.     0.009 0.001 -0.009 -1.    -0.009 -0.068 -0.   
6.27 0.729 0.    0.45   0.5   -0.127  0.5    0.496 -0.115  0.499  1.    -0.018  0.001-0.018 -1.     0.009 0.001 -0.009 -1.    -0.009 -0.068 -0.   
6.28 0.729 0.    0.45   0.5   -0.128  0.5    0.496 -0.116  0.499  1.    -0.018  0.001-0.018 -1.     0.009 0.001 -0.009 -1.    -0.009 -0.068 -0.   
6.29 0.729 0.    0.45   0.5   -0.129  0.5    0.496 -0.117  0.499  1.    -0.018  0.001-0.018 -1.     0.009 0.001 -0.009 -1.    -0.009 -0.068 -0.   
6.3 0.729 0.    0.45   0.5  -0.13  0.5   0.495 -0.118  0.499  1.    -0.018  0.001-0.018 -1.     0.009 0.001 -0.009 -1.    -0.009 -0.068 -0.   
6.31 0.729 0.    0.45   0.5   -0.131  0.5    0.495 -0.119  0.499  1.    -0.018  0.001-0.018 -1.     0.009 0.001 -0.009 -1.    -0.009 -0.068 -0.   
6.32 0.729 0.    0.45   0.5   -0.132  0.5    0.495 -0.12   0.499  1.    -0.018  0.001-0.018 -1.     0.009 0.001 -0.009 -1.    -0.009 -0.068 -0.   
6.33 0.729 0.    0.45   0.5   -0.133  0.5    0.495 -0.121  0.499  1.    -0.018  0.001-0.018 -1.     0.009 0.001 -0.009 -1.    -0.009 -0.068 -0.   
6.34 0.729 0.    0.45   0.5   -0.134  0.5    0.495 -0.122  0.499  1.    -0.018  0.001-0.018 -1.     0.009 0.001 -0.009 -1.    -0.009 -0.068 -0.   
6.35 0.729 0.    0.45   0.5   -0.135  0.5    0.495 -0.123  0.499  1.    -0.018  0.001-0.018 -1.     0.009 0.001 -0.01  -1.    -0.009 -0.068 -0.   
6.36 0.729 0.    0.45   0.5   -0.136  0.5    0.495 -0.124  0.499  1.    -0.018  0.002-0.018 -1.     0.01  0.001 -0.01  -1.    -0.009 -0.068 -0.   
6.37 0.729 0.    0.45   0.5   -0.137  0.5    0.495 -0.125  0.499  1.    -0.018  0.002-0.018 -1.     0.01  0.001 -0.01  -1.    -0.009 -0.068 -0.   
6.38 0.729 0.    0.45   0.5   -0.138  0.5    0.495 -0.126  0.499  1.    -0.018  0.002-0.018 -1.     0.01  0.001 -0.01  -1.    -0.009 -0.068 -0.   
6.39 0.729 0.    0.45   0.5   -0.139  0.5    0.495 -0.127  0.499  1.    -0.018  0.002-0.018 -1.     0.01  0.001 -0.01  -1.    -0.009 -0.068 -0.   
6.4 0.729 0.    0.45   0.5  -0.14  0.5   0.495 -0.128  0.499  1.    -0.018  0.002-0.018 -1.     0.01  0.002 -0.01  -1.    -0.009 -0.067 -0.   
6.41 0.729 0.    0.45   0.5   -0.141  0.5    0.495 -0.129  0.499  1.    -0.018  0.002-0.018 -1.     0.01  0.002 -0.01  -1.    -0.01  -0.067 -0.   
6.42 0.729 0.    0.45   0.5   -0.142  0.5    0.495 -0.13   0.499  1.    -0.018  0.002-0.018 -1.     0.01  0.002 -0.01  -1.    -0.01  -0.067 -0.   
6.43 0.729 0.    0.45   0.5   -0.143  0.5    0.495 -0.131  0.499  1.    -0.018  0.002-0.018 -1.     0.01  0.002 -0.01  -1.    -0.01  -0.067 -0.   
6.44 0.729 0.    0.45   0.5   -0.144  0.5    0.495 -0.132  0.499  1.    -0.018  0.002-0.018 -1.     0.01  0.002 -0.01  -1.    -0.01  -0.067 -0.   
6.45 0.729 0.    0.45   0.5   -0.145  0.5    0.494 -0.133  0.499  1.    -0.018  0.002-0.018 -1.     0.01  0.002 -0.01  -1.    -0.01  -0.067 -0.   
6.46 0.729 0.    0.45   0.5   -0.146  0.5    0.494 -0.134  0.499  1.    -0.018  0.002-0.018 -1.     0.01  0.002 -0.01  -1.    -0.01  -0.067 -0.   
6.47 0.729 0.    0.45   0.5   -0.147  0.5    0.494 -0.135  0.499  1.    -0.018  0.002-0.018 -1.     0.01  0.002 -0.01  -1.    -0.01  -0.067 -0.   
6.48 0.729 0.    0.45   0.5   -0.148  0.5    0.494 -0.136  0.499  1.    -0.018  0.002-0.018 -1.     0.01  0.002 -0.01  -1.    -0.01  -0.067 -0.   
6.49 0.729 0.    0.45   0.5   -0.149  0.5    0.494 -0.137  0.499  1.    -0.018  0.002-0.018 -1.     0.01  0.002 -0.01  -1.    -0.01  -0.067 -0.   
6.5 0.729 0.    0.45   0.5  -0.15  0.5   0.494 -0.138  0.499  1.    -0.018  0.002-0.018 -1.     0.01  0.002 -0.01  -1.    -0.01  -0.067 -0.   
6.51 0.729 0.    0.45   0.5   -0.151  0.5    0.494 -0.139  0.499  1.    -0.018  0.002-0.018 -1.     0.01  0.002 -0.01  -1.    -0.01  -0.067 -0.   
6.52 0.729 0.    0.45   0.5   -0.152  0.5    0.494 -0.14   0.499  1.    -0.018  0.002-0.018 -1.     0.01  0.002 -0.01  -1.    -0.01  -0.067 -0.   
6.53 0.729 0.    0.45   0.5   -0.153  0.5    0.494 -0.141  0.499  1.    -0.018  0.002-0.018 -1.     0.01  0.002 -0.01  -1.    -0.01  -0.067 -0.   
6.54 0.729 0.    0.45   0.5   -0.154  0.5    0.494 -0.142  0.499  1.    -0.018  0.002-0.018 -1.     0.01  0.002 -0.01  -1.    -0.01  -0.067 -0.   
6.55 0.729 0.    0.45   0.5   -0.155  0.5    0.494 -0.143  0.499  1.    -0.018  0.002-0.018 -1.     0.01  0.002 -0.01  -1.    -0.01  -0.067 -0.   
6.56 0.729 0.    0.45   0.5   -0.156  0.5    0.494 -0.144  0.498  1.    -0.018  0.002-0.018 -1.     0.01  0.002 -0.01  -1.    -0.01  -0.067 -0.   
6.57 0.729 0.    0.45   0.5   -0.157  0.5    0.494 -0.145  0.498  1.    -0.018  0.002-0.018 -1.     0.01  0.002 -0.01  -1.    -0.01  -0.067 -0.   
6.58 0.729 0.    0.45   0.5   -0.158  0.5    0.494 -0.146  0.498  1.    -0.018  0.002-0.018 -1.     0.01  0.002 -0.01  -1.    -0.01  -0.067 -0.   
6.59 0.729 0.    0.45   0.5   -0.159  0.5    0.494 -0.146  0.498  1.    -0.018  0.002-0.018 -1.     0.01  0.002 -0.01  -1.    -0.01  -0.067 -0.   
6.6 0.729 0.    0.45   0.5  -0.16  0.5   0.494 -0.147  0.498  1.    -0.018  0.003-0.018 -1.     0.01  0.002 -0.01  -1.    -0.01  -0.067 -0.   
6.61 0.729 0.    0.45   0.5   -0.161  0.5    0.493 -0.148  0.498  1.    -0.018  0.003-0.018 -1.     0.01  0.002 -0.011 -1.    -0.01  -0.067 -0.   
6.62 0.729 0.    0.45   0.5   -0.162  0.5    0.493 -0.149  0.498  1.    -0.018  0.003-0.018 -1.     0.011 0.002 -0.011 -1.    -0.01  -0.067 -0.   
6.63 0.729 0.    0.45   0.5   -0.163  0.5    0.493 -0.15   0.498  1.    -0.018  0.003-0.018 -1.     0.011 0.002 -0.011 -1.    -0.01  -0.067 -0.   
6.64 0.729 0.    0.45   0.5   -0.164  0.5    0.493 -0.151  0.498  1.    -0.018  0.003-0.018 -1.     0.011 0.002 -0.011 -1.    -0.01  -0.067 -0.   
6.65 0.729 0.    0.45   0.5   -0.165  0.5    0.493 -0.152  0.498  1.    -0.018  0.003-0.018 -1.     0.011 0.003 -0.011 -1.    -0.011 -0.067 -0.   
6.66 0.729 0.    0.45   0.5   -0.166  0.5    0.493 -0.153  0.498  1.    -0.018  0.003-0.018 -1.     0.011 0.003 -0.011 -1.    -0.011 -0.067 -0.   
6.67 0.729 0.    0.45   0.5   -0.167  0.5    0.493 -0.154  0.498  1.    -0.018  0.003-0.018 -1.     0.011 0.003 -0.011 -1.    -0.011 -0.067 -0.   
6.68 0.729 0.    0.45   0.5   -0.168  0.5    0.493 -0.155  0.498  1.    -0.018  0.003-0.018 -1.     0.011 0.003 -0.011 -1.    -0.011 -0.067 -0.   
6.69 0.729 0.    0.45   0.5   -0.169  0.5    0.493 -0.156  0.498  1.    -0.018  0.003-0.018 -1.     0.011 0.003 -0.011 -1.    -0.011 -0.067 -0.   
6.7 0.729 0.    0.45   0.5  -0.17  0.5   0.493 -0.157  0.498  1.    -0.018  0.003-0.018 -1.     0.011 0.003 -0.011 -1.    -0.011 -0.067 -0.   
6.71 0.729 0.    0.45   0.5   -0.171  0.5    0.493 -0.158  0.498  1.    -0.018  0.003-0.018 -1.     0.011 0.003 -0.011 -1.    -0.011 -0.067 -0.   
6.72 0.729 0.    0.45   0.5   -0.172  0.5    0.493 -0.159  0.498  1.    -0.018  0.003-0.018 -1.     0.011 0.003 -0.011 -1.    -0.011 -0.067 -0.   
6.73 0.729 0.    0.45   0.5   -0.173  0.5    0.493 -0.16   0.498  1.    -0.018  0.003-0.018 -1.     0.011 0.003 -0.011 -1.    -0.011 -0.067 -0.   
6.74 0.729 0.    0.45   0.5   -0.174  0.5    0.493 -0.161  0.498  1.    -0.018  0.003-0.018 -1.     0.011 0.003 -0.011 -1.    -0.011 -0.067 -0.   
6.75 0.729 0.    0.45   0.5   -0.175  0.5    0.493 -0.162  0.498  1.    -0.018  0.003-0.018 -1.     0.011 0.003 -0.011 -1.    -0.011 -0.067 -0.   
6.76 0.729 0.    0.45   0.5   -0.176  0.5    0.492 -0.163  0.498  1.    -0.018  0.003-0.018 -1.     0.011 0.003 -0.011 -1.    -0.011 -0.067 -0.   
6.77 0.729 0.    0.45   0.5   -0.177  0.5    0.492 -0.164  0.498  1.    -0.018  0.003-0.018 -1.     0.011 0.003 -0.011 -1.    -0.011 -0.067 -0.   
6.78 0.729 0.    0.45   0.5   -0.178  0.5    0.492 -0.165  0.498  1.    -0.018  0.003-0.018 -1.     0.011 0.003 -0.011 -1.    -0.011 -0.067 -0.   
6.79 0.729 0.    0.45   0.5   -0.179  0.5    0.492 -0.166  0.498  1.    -0.018  0.003-0.018 -1.     0.011 0.003 -0.011 -1.    -0.011 -0.067 -0.   
6.8 0.729 0.    0.45   0.5  -0.18  0.5   0.492 -0.167  0.498  1.    -0.018  0.003-0.018 -1.     0.011 0.003 -0.011 -1.    -0.011 -0.067 -0.   
6.81 0.729 0.    0.45   0.5   -0.181  0.5    0.492 -0.168  0.498  1.    -0.018  0.003-0.018 -1.     0.011 0.003 -0.011 -1.    -0.011 -0.067 -0.   
6.82 0.729 0.    0.45   0.5   -0.182  0.5    0.492 -0.169  0.498  1.    -0.018  0.003-0.018 -1.     0.011 0.003 -0.011 -1.    -0.011 -0.067 -0.   
6.83 0.729 0.    0.45   0.5   -0.183  0.5    0.492 -0.17   0.498  1.    -0.018  0.003-0.018 -1.     0.011 0.003 -0.012 -1.    -0.011 -0.067 -0.   
6.84 0.729 0.    0.45   0.5   -0.184  0.5    0.492 -0.171  0.498  1.    -0.018  0.003-0.018 -1.     0.012 0.003 -0.012 -1.    -0.011 -0.067 -0.   
6.85 0.729 0.    0.45   0.5   -0.185  0.5    0.492 -0.172  0.498  1.    -0.018  0.003-0.018 -1.     0.012 0.003 -0.012 -1.    -0.011 -0.067 -0.   
6.86 0.729 0.    0.45   0.5   -0.186  0.5    0.492 -0.173  0.498  1.    -0.018  0.003-0.018 -1.     0.012 0.003 -0.012 -1.    -0.011 -0.067 -0.   
6.87 0.729 0.    0.45   0.5   -0.187  0.5    0.492 -0.174  0.498  1.    -0.018  0.004-0.018 -1.     0.012 0.003 -0.012 -1.    -0.011 -0.066 -0.   
6.88 0.729 0.    0.45   0.5   -0.188  0.5    0.492 -0.174  0.498  1.    -0.018  0.004-0.018 -1.     0.012 0.003 -0.012 -1.    -0.011 -0.066 -0.   
6.89 0.729 0.    0.45   0.5   -0.189  0.5    0.492 -0.175  0.498  1.    -0.018  0.004-0.018 -1.     0.012 0.003 -0.012 -1.    -0.012 -0.066 -0.   
6.9 0.729 0.    0.45   0.5  -0.19  0.5   0.492 -0.176  0.498  1.    -0.018  0.004-0.018 -1.     0.012 0.003 -0.012 -1.    -0.012 -0.066 -0.   
6.91 0.729 0.    0.45   0.5   -0.191  0.5    0.492 -0.177  0.498  1.    -0.018  0.004-0.018 -1.     0.012 0.003 -0.012 -1.    -0.012 -0.066 -0.   
6.92 0.729 0.    0.45   0.5   -0.192  0.5    0.491 -0.178  0.498  1.    -0.018  0.004-0.018 -1.     0.012 0.003 -0.012 -1.    -0.012 -0.066 -0.   
6.93 0.729 0.    0.45   0.5   -0.193  0.5    0.491 -0.179  0.498  1.    -0.018  0.004-0.018 -1.     0.012 0.004 -0.012 -1.    -0.012 -0.066 -0.   
6.94 0.729 0.    0.45   0.5   -0.194  0.5    0.491 -0.18   0.498  1.    -0.018  0.004-0.018 -1.     0.012 0.004 -0.012 -1.    -0.012 -0.066 -0.   
6.95 0.729 0.    0.45   0.5   -0.195  0.5    0.491 -0.181  0.498  1.    -0.018  0.004-0.018 -1.     0.012 0.004 -0.012 -1.    -0.012 -0.066 -0.   
6.96 0.729 0.    0.45   0.5   -0.196  0.5    0.491 -0.182  0.498  1.    -0.018  0.004-0.018 -1.     0.012 0.004 -0.012 -1.    -0.012 -0.066 -0.   
6.97 0.729 0.    0.45   0.5   -0.197  0.5    0.491 -0.183  0.498  1.    -0.018  0.004-0.018 -1.     0.012 0.004 -0.012 -1.    -0.012 -0.066 -0.   
6.98 0.729 0.    0.45   0.5   -0.198  0.5    0.491 -0.184  0.498  1.    -0.018  0.004-0.018 -1.     0.012 0.004 -0.012 -1.    -0.012 -0.066 -0.   
6.99 0.729 0.    0.45   0.5   -0.199  0.5    0.491 -0.185  0.497  1.    -0.018  0.004-0.018 -1.     0.012 0.004 -0.012 -1.    -0.012 -0.066 -0.   
7.0 0.729 0.    0.45   0.5 -0.2  0.5  0.491 -0.186  0.497  1.    -0.018  0.004-0.018 -1.     0.012 0.004 -0.012 -1.    -0.012 -0.066 -0.   
